4,0,4,4,4,4,4,4,4,4,4,4,1,4,//0
4,2,4,4,4,4,4,4,4,4,4,4,3,4,//0
4,0,4,4,4,4,4,4,4,4,4,4,1,4,//0
4,2,4,4,4,4,4,4,4,4,4,4,3,4,//0
4,0,4,4,9,4,4,4,4,4,4,4,1,4,//0
4,2,4,4,4,4,4,4,4,4,4,4,3,4,//0
4,0,4,4,4,4,4,4,9,4,4,4,1,4,//0
4,2,4,4,4,4,4,4,4,4,4,4,3,4,//0
4,0,4,4,4,4,4,4,4,4,4,4,1,4,//0
4,2,4,4,4,10,4,4,4,4,4,4,3,4,//0
4,2,63,57,60,57,63,57,63,57,57,63,60,4,//1
4,0,4,4,4,4,4,4,4,4,4,4,4,4,//1
4,2,4,4,4,4,4,4,4,4,4,4,4,4,//1
4,0,4,4,4,4,4,4,4,4,4,4,4,4,//1
4,2,4,4,4,4,4,4,4,4,4,4,4,4,//1
4,0,4,4,4,4,4,4,4,4,4,4,4,4,//1
4,2,4,4,4,4,4,4,4,4,4,4,4,4,//1
4,0,4,4,4,4,4,4,4,4,4,4,4,4,//1
4,2,4,4,4,4,4,9,4,4,4,4,4,4,//1
4,0,4,4,4,4,4,4,4,4,4,4,8,4,//1
4,63,59,61,61,59,62,63,62,59,63,62,3,4,//2
4,4,4,4,4,4,4,4,4,4,4,4,1,4,//2
4,4,4,4,4,4,4,4,4,4,4,4,3,4,//2
4,4,4,4,4,4,4,4,4,4,4,4,1,4,//2
4,4,4,4,4,4,4,4,4,4,4,4,3,4,//2
4,4,4,4,4,4,4,4,4,4,4,4,1,4,//2
4,4,4,4,4,4,4,4,4,4,4,4,3,4,//2
4,4,4,4,4,4,4,11,4,4,4,4,16,4,//2
4,4,4,4,4,4,4,12,4,4,4,4,18,4,//2
4,6,5,6,6,5,6,5,6,5,6,5,6,4,//2
4,0,4,4,4,4,4,4,4,4,4,4,61,4,//3
4,2,4,4,4,4,4,4,4,4,4,4,4,4,//3
4,0,4,4,4,4,4,4,4,4,4,4,4,4,//3
4,2,4,4,4,4,4,4,4,4,4,4,4,4,//3
4,0,4,4,10,4,4,4,4,4,4,4,4,4,//3
4,2,4,4,4,4,4,4,4,4,4,4,4,4,//3
4,0,4,4,4,4,4,4,4,4,4,4,4,4,//3
4,17,4,4,4,4,4,4,4,4,4,4,4,4,//3
4,15,4,4,4,4,4,4,4,4,4,4,4,4,//3
4,17,4,4,4,9,4,4,4,4,4,4,8,4,//3
4,64,4,4,4,4,4,4,4,4,4,4,63,4,//4
4,4,4,4,4,4,4,4,4,4,4,4,4,4,//4
4,4,4,4,4,4,4,4,4,4,4,4,4,4,//4
4,4,4,4,4,4,4,4,4,4,9,4,4,4,//4
4,4,4,4,4,4,4,4,4,4,4,4,4,4,//4
4,4,4,4,4,4,10,4,4,4,4,4,4,4,//4
4,4,4,4,4,4,4,4,4,4,4,4,4,4,//4
4,4,4,4,4,4,4,4,4,4,4,4,4,4,//4
4,4,4,4,4,4,4,4,4,4,4,4,4,4,//4
4,5,6,5,5,7,4,4,4,4,8,5,6,4,//4
4,58,57,58,59,61,62,63,64,58,59,58,59,4,//5
4,4,4,4,4,4,4,4,4,4,4,4,4,4,//5
4,4,4,4,4,4,4,4,4,4,4,4,4,4,//5
4,4,4,4,4,4,4,4,4,4,4,4,4,4,//5
4,4,4,4,4,4,4,4,4,4,4,4,4,4,//5
4,4,4,4,4,4,4,4,4,4,4,4,4,4,//5
4,4,4,4,4,4,4,4,4,4,4,4,4,4,//5
4,4,4,4,4,4,4,4,4,4,4,4,4,4,//5
4,4,4,4,4,4,4,4,4,4,4,4,4,4,//5
4,6,5,6,6,5,6,5,6,5,6,5,6,4,//5
4,57,58,57,58,57,58,57,61,59,59,60,63,4,//6
4,4,4,4,4,4,4,4,4,4,4,4,4,4,//6
4,4,4,4,4,4,4,4,4,4,4,4,4,4,//6
4,4,4,4,4,4,4,4,4,4,4,4,4,4,//6
4,4,4,4,4,4,4,4,4,4,4,4,4,4,//6
4,4,4,4,4,4,4,4,4,4,4,4,4,4,//6
4,4,4,4,4,4,4,4,4,4,4,4,4,4,//6
4,4,4,4,4,4,4,4,4,4,4,4,4,4,//6
4,4,4,4,4,4,4,4,4,4,4,4,4,4,//6
4,7,4,4,4,4,4,4,4,4,4,4,8,4,//6
4,58,59,63,58,62,59,58,63,58,62,64,3,4,//7
4,4,4,4,4,4,4,4,4,4,4,4,1,4,//7
4,4,4,4,4,4,4,4,4,4,4,4,3,4,//7
4,4,4,4,4,4,4,4,4,4,4,4,1,4,//7
4,4,4,4,4,4,4,4,4,4,4,4,3,4,//7
4,4,4,4,4,4,4,4,4,4,4,4,1,4,//7
4,4,4,4,4,4,4,4,4,4,4,4,3,4,//7
4,4,4,4,4,4,4,4,4,4,4,4,1,4,//7
4,4,4,4,4,11,4,4,4,4,4,4,3,4,//7
4,6,5,6,6,5,6,5,6,5,6,5,6,4,//7
4,0,4,4,4,4,4,4,4,4,4,4,3,4,//8
4,2,4,4,4,4,4,4,4,4,4,4,1,4,//8
4,0,4,4,4,4,4,4,4,4,9,4,3,4,//8
4,2,4,4,4,4,4,4,4,4,4,4,1,4,//8
4,0,4,4,4,4,10,4,4,4,4,4,3,4,//8
4,2,4,4,4,4,4,4,4,4,4,4,1,4,//8
4,0,4,4,4,4,4,4,4,4,4,4,3,4,//8
4,2,4,4,4,4,4,4,4,4,4,4,1,4,//8
4,0,4,4,4,4,4,4,4,4,4,4,3,4,//8
4,2,4,4,4,4,4,4,4,4,4,4,1,4,//8
4,0,58,59,61,59,61,63,58,61,58,63,58,4,//9
4,2,4,4,4,4,4,4,4,4,4,4,4,4,//9
4,0,4,4,4,4,4,4,4,4,4,4,4,4,//9
4,2,4,4,4,4,4,4,4,4,4,4,4,4,//9
4,0,4,4,4,4,4,4,4,4,4,4,4,4,//9
4,2,4,4,4,4,4,4,4,4,4,4,4,4,//9
4,0,4,4,4,4,4,4,4,4,4,4,4,4,//9
4,2,4,4,4,4,4,4,4,4,4,4,4,4,//9
4,0,4,4,4,4,4,10,4,4,4,4,4,4,//9
4,2,4,4,4,4,4,4,4,4,4,4,8,4,//9
4,57,4,4,4,4,4,4,4,4,4,4,3,4,//10
4,4,4,4,4,4,4,4,4,4,4,4,1,4,//10
4,4,4,4,4,4,4,4,4,4,4,4,3,4,//10
4,4,4,4,4,4,4,4,10,4,4,4,1,4,//10
4,4,4,4,4,4,4,4,4,4,4,4,3,4,//10
4,4,4,4,4,4,4,4,4,4,4,4,1,4,//10
4,4,4,4,4,4,11,4,4,4,4,4,3,4,//10
4,4,4,4,4,4,12,4,4,4,4,4,16,4,//10
4,4,4,4,4,4,12,4,4,4,4,4,18,4,//10
4,6,5,6,6,5,6,5,6,5,6,5,6,4,//10
4,0,57,58,58,57,61,59,57,64,57,64,3,4,//11
4,2,4,4,4,4,4,4,4,4,4,4,1,4,//11
4,0,4,4,4,4,4,4,4,4,4,4,3,4,//11
4,2,4,4,4,4,22,4,4,4,4,4,1,4,//11
4,0,4,4,4,4,10,4,4,4,4,4,3,4,//11
4,2,4,4,4,4,4,4,4,4,4,4,1,4,//11
4,0,4,4,4,4,4,4,4,9,4,4,3,4,//11
4,17,4,4,4,4,4,4,4,4,4,4,1,4,//11
4,15,4,4,4,4,4,4,4,4,4,4,3,4,//11
4,6,5,6,6,5,6,5,6,5,6,5,6,4,//11
4,0,57,59,57,59,57,59,57,59,57,59,3,4,//12
4,2,4,4,4,4,4,4,4,4,4,4,1,4,//12
4,0,4,4,4,4,4,4,4,4,4,4,3,4,//12
4,2,4,4,4,4,4,4,4,4,4,4,1,4,//12
4,0,4,4,4,4,4,4,4,4,4,4,3,4,//12
4,2,4,4,4,4,4,4,4,4,4,4,1,4,//12
4,0,4,4,4,4,4,4,4,4,4,4,3,4,//12
4,2,4,4,4,4,4,4,4,4,4,4,16,4,//12
4,0,4,4,4,4,4,4,4,4,4,4,18,4,//12
4,2,4,4,4,4,4,4,4,4,4,4,1,4,//12
4,0,4,4,4,4,4,4,4,4,4,4,58,4,//13
4,2,4,4,4,4,4,4,4,4,4,4,4,4,//13
4,0,4,4,4,4,4,4,4,4,4,4,4,4,//13
4,2,4,4,4,10,4,4,4,4,4,4,4,4,//13
4,0,4,4,4,4,4,4,4,4,4,4,4,4,//13
4,2,4,4,4,4,4,4,4,4,4,4,4,4,//13
4,0,4,4,4,4,4,4,4,11,4,4,4,4,//13
4,17,4,4,4,4,4,4,4,12,4,4,4,4,//13
4,15,4,4,22,4,4,4,4,12,4,4,4,4,//13
4,6,5,6,6,5,6,5,6,5,6,5,6,4,//13
4,57,58,59,61,57,61,57,59,57,61,57,61,4,//14
4,4,4,4,4,4,4,4,4,4,4,4,4,4,//14
4,4,4,4,4,4,4,4,4,4,4,4,4,4,//14
4,4,4,4,4,4,4,4,4,4,4,4,4,4,//14
4,4,4,4,4,4,4,4,4,4,4,4,4,4,//14
4,4,4,4,4,4,4,4,4,4,4,4,4,4,//14
4,4,4,4,4,4,4,4,4,4,4,4,4,4,//14
4,4,4,4,4,4,4,4,4,4,4,4,4,4,//14
4,4,4,4,4,4,22,4,4,4,4,4,4,4,//14
4,6,5,6,6,5,6,5,6,5,6,5,6,4,//14
4,58,59,57,59,58,57,57,59,58,57,57,3,4,//15
4,4,4,4,4,4,4,4,4,4,4,4,1,4,//15
4,4,4,4,4,4,4,4,4,4,4,4,3,4,//15
4,4,4,4,4,4,4,4,4,4,4,4,1,4,//15
4,4,4,4,4,4,4,4,4,4,4,4,3,4,//15
4,4,4,4,4,4,4,4,4,4,4,4,1,4,//15
4,4,4,4,4,4,4,4,4,4,4,4,3,4,//15
4,4,4,4,4,4,4,4,4,4,4,4,1,4,//15
4,4,4,4,4,4,4,4,4,4,4,4,3,4,//15
4,6,5,6,6,5,6,5,6,7,4,4,1,4,//15
4,0,4,4,4,4,4,4,4,4,4,4,3,4,//16
4,2,4,4,4,4,4,4,4,4,4,4,1,4,//16
4,0,4,4,4,4,4,4,4,4,4,4,3,4,//16
4,2,4,9,4,4,4,4,4,4,4,4,1,4,//16
4,0,4,4,4,4,4,4,4,4,4,4,3,4,//16
4,2,4,4,4,4,4,4,4,4,4,4,1,4,//16
4,0,4,4,4,10,4,4,4,4,4,4,3,4,//16
4,17,4,4,4,4,4,4,4,4,4,4,16,4,//16
4,15,4,4,4,4,4,4,10,4,4,4,18,4,//16
4,2,4,4,4,4,4,4,4,4,4,4,1,4,//16
4,0,4,4,4,4,4,4,4,4,4,4,58,4,//17
4,2,4,4,4,4,4,4,4,4,4,4,4,4,//17
4,0,4,4,4,4,4,4,4,4,4,4,4,4,//17
4,2,4,4,10,4,4,4,4,4,4,4,4,4,//17
4,0,4,4,4,4,4,4,4,4,4,4,4,4,//17
4,2,4,4,4,4,4,4,4,4,4,4,4,4,//17
4,0,4,4,4,4,4,9,4,4,4,4,4,4,//17
4,17,4,4,4,4,4,4,4,4,4,4,4,4,//17
4,15,4,4,4,4,4,4,4,4,4,4,4,4,//17
4,6,5,6,6,5,6,5,6,5,6,5,6,4,//17
4,57,59,57,59,59,59,57,64,57,57,64,3,4,//18
4,4,4,4,4,4,4,4,4,4,4,4,1,4,//18
4,4,4,4,4,4,4,4,4,4,4,4,3,4,//18
4,4,4,4,4,4,4,4,4,4,4,4,1,4,//18
4,4,4,4,4,4,4,4,4,4,4,4,3,4,//18
4,4,10,4,4,4,4,4,4,4,4,4,1,4,//18
4,4,4,4,4,4,4,4,4,4,4,4,3,4,//18
4,4,4,4,4,4,4,4,4,4,4,4,1,4,//18
4,4,4,4,4,4,4,4,4,4,4,4,3,4,//18
4,7,4,4,4,4,9,4,4,4,4,4,1,4,//18
4,0,4,4,4,4,4,4,4,4,4,4,58,4,//19
4,2,4,10,4,4,4,4,4,4,4,4,4,4,//19
4,0,4,4,4,4,4,4,4,4,4,4,4,4,//19
4,2,4,4,4,10,4,4,4,4,4,10,4,4,//19
4,0,4,4,4,4,4,4,4,4,4,4,4,4,//19
4,2,4,4,4,4,4,4,4,4,4,4,4,4,//19
4,0,4,4,4,4,4,4,10,4,4,4,4,4,//19
4,15,4,4,4,4,4,4,4,4,4,4,4,4,//19
4,17,4,4,4,4,4,4,4,4,4,4,4,4,//19
4,6,5,6,6,5,6,5,6,5,6,5,6,4,//19
4,64,59,62,64,4,4,4,61,57,59,57,3,4,//20
4,4,4,4,4,9,4,4,4,4,4,4,1,4,//20
4,4,4,4,4,4,4,4,4,4,4,4,3,4,//20
4,4,4,4,4,4,4,4,4,4,4,4,1,4,//20
4,4,4,4,4,4,4,9,4,4,4,4,3,4,//20
4,4,4,4,4,4,4,4,4,4,4,4,1,4,//20
4,4,4,22,4,4,4,4,4,4,4,4,3,4,//20
4,4,4,4,10,4,4,4,4,4,4,4,1,4,//20
4,4,4,4,4,4,4,4,4,4,4,4,3,4,//20
4,7,4,4,4,4,4,4,4,4,4,4,1,4,//20
4,0,57,58,59,58,59,58,59,58,59,58,59,4,//21
4,2,4,4,4,4,4,4,4,4,4,4,4,4,//21
4,0,4,4,4,4,4,4,4,4,4,4,4,4,//21
4,2,4,4,4,4,4,4,4,4,4,4,4,4,//21
4,0,4,4,4,4,4,4,4,4,4,4,4,4,//21
4,2,4,4,4,4,4,4,4,4,4,4,4,4,//21
4,0,4,4,4,4,4,4,4,4,4,4,4,4,//21
4,2,4,4,4,4,4,4,4,4,4,4,4,4,//21
4,0,4,4,4,4,4,9,4,4,4,4,4,4,//21
4,2,4,4,4,4,4,4,4,4,4,4,8,4,//21
4,62,4,4,4,4,4,4,4,4,4,4,3,4,//22
4,4,4,4,4,4,4,4,4,4,4,4,1,4,//22
4,4,4,4,4,4,4,4,4,4,4,4,3,4,//22
4,4,4,4,9,4,4,4,4,4,4,4,1,4,//22
4,4,4,4,4,4,4,4,4,4,4,4,3,4,//22
4,4,4,4,4,4,4,4,4,10,4,4,1,4,//22
4,4,4,4,4,4,4,4,4,4,4,4,3,4,//22
4,4,4,4,4,4,4,4,11,4,4,4,1,4,//22
4,4,4,4,4,4,4,4,12,4,4,4,3,4,//22
4,6,5,6,6,5,6,5,6,5,6,5,6,4,//22
4,0,58,59,60,59,60,61,60,59,59,60,61,4,//23
4,2,4,4,4,4,4,4,4,4,4,4,4,4,//23
4,0,4,4,4,4,4,4,4,4,4,4,4,4,//23
4,2,4,4,4,4,4,4,4,4,4,4,4,4,//23
4,0,4,4,4,4,4,4,4,4,4,4,4,4,//23
4,2,21,4,4,4,4,4,4,4,4,4,4,4,//23
4,0,11,4,4,4,4,4,4,10,4,4,4,4,//23
4,2,12,4,4,4,4,4,4,4,4,4,4,4,//23
4,0,12,4,4,4,11,4,4,4,4,4,4,4,//23
4,6,5,6,6,5,6,5,6,5,6,5,6,4,//23
4,60,4,4,4,4,4,4,4,4,4,4,61,4,//24
4,4,4,4,4,4,4,4,4,4,4,4,4,4,//24
4,4,4,4,4,4,4,4,4,4,4,4,4,4,//24
4,4,4,4,4,4,4,4,4,4,4,4,4,4,//24
4,4,4,4,4,4,10,4,4,4,4,4,4,4,//24
4,4,4,4,4,4,4,4,4,4,4,4,4,4,//24
4,4,9,4,4,4,4,4,4,4,4,4,4,4,//24
4,4,4,4,4,4,4,4,4,4,11,4,4,4,//24
4,4,4,4,4,4,4,4,4,4,12,4,4,4,//24
4,6,5,6,6,5,6,5,6,5,6,5,6,4,//24
4,60,4,4,4,4,4,4,4,4,4,4,63,4,//25
4,4,4,4,4,4,4,4,4,4,4,4,4,4,//25
4,4,4,4,4,4,4,4,4,4,4,4,4,4,//25
4,4,4,10,4,4,4,4,4,4,4,4,4,4,//25
4,4,4,4,4,4,4,4,4,4,4,4,4,4,//25
4,4,4,4,4,4,4,4,4,4,4,4,4,4,//25
4,4,4,4,4,4,4,4,11,4,4,4,4,4,//25
4,4,4,4,4,4,4,4,12,4,4,4,4,4,//25
4,4,4,11,4,4,4,4,12,4,4,4,4,4,//25
4,6,5,6,6,5,6,5,6,5,6,5,6,4,//25
4,57,59,59,62,62,57,63,59,62,57,63,59,4,//26
4,4,4,4,4,4,4,4,4,4,4,4,4,4,//26
4,4,4,4,4,4,4,4,4,4,4,4,4,4,//26
4,4,4,4,4,4,4,4,4,4,4,4,4,4,//26
4,4,4,4,4,4,4,4,4,4,4,4,4,4,//26
4,4,4,4,4,4,4,4,4,4,4,4,4,4,//26
4,4,4,9,4,4,4,4,4,4,4,4,4,4,//26
4,4,4,4,4,4,4,4,4,4,4,4,4,4,//26
4,4,4,4,4,4,4,4,4,4,4,4,4,4,//26
4,7,4,4,4,4,8,7,4,4,4,4,8,4,//26
4,59,61,59,58,59,58,59,58,59,61,59,3,4,//27
4,4,4,4,4,4,4,4,4,4,4,4,1,4,//27
4,4,4,4,4,4,4,4,4,4,4,4,3,4,//27
4,4,4,4,4,4,4,4,4,4,4,4,1,4,//27
4,4,4,4,4,4,4,4,4,4,4,4,3,4,//27
4,4,4,4,4,4,4,4,4,4,4,4,1,4,//27
4,4,4,4,4,4,4,4,4,9,4,4,3,4,//27
4,4,4,4,4,4,4,4,4,4,4,4,16,4,//27
4,4,4,4,4,4,4,4,4,4,4,4,18,4,//27
4,7,4,4,4,4,8,7,4,4,4,4,1,4,//27
4,2,4,4,4,4,4,4,4,4,4,4,3,4,//28
4,0,4,4,4,4,4,4,4,4,4,4,1,4,//28
4,2,4,4,4,4,4,4,4,4,4,4,3,4,//28
4,0,4,4,4,4,4,4,4,4,4,4,1,4,//28
4,2,4,4,4,4,4,4,4,4,4,4,3,4,//28
4,0,4,4,4,4,4,4,4,4,4,4,1,4,//28
4,2,4,4,4,4,4,4,4,4,4,4,3,4,//28
4,15,4,4,4,4,4,4,4,4,4,4,1,4,//28
4,17,4,4,4,4,4,4,4,4,4,4,3,4,//28
4,0,4,4,4,4,4,4,4,4,4,4,1,4,//28
4,2,59,62,59,62,59,62,59,61,59,61,59,4,//29
4,0,4,4,4,4,4,4,4,4,4,4,4,4,//29
4,2,4,4,4,4,4,4,4,4,4,4,4,4,//29
4,0,4,4,4,4,4,4,4,4,4,4,4,4,//29
4,2,4,4,4,4,4,4,4,4,4,4,4,4,//29
4,0,4,4,4,4,4,4,4,4,4,4,4,4,//29
4,2,4,4,4,4,4,4,4,4,4,4,4,4,//29
4,0,4,4,4,4,4,4,4,4,4,4,4,4,//29
4,2,4,4,4,9,4,4,4,4,4,4,4,4,//29
4,0,4,4,4,4,4,4,4,4,4,4,8,4,//29
4,57,59,58,59,60,59,60,60,59,59,64,59,4,//30
4,4,4,4,4,4,4,4,4,4,4,4,4,4,//30
4,4,4,4,4,4,4,4,4,4,4,4,4,4,//30
4,4,4,4,4,4,4,4,4,4,4,4,4,4,//30
4,4,4,4,4,4,4,4,4,4,4,4,4,4,//30
4,4,4,4,4,4,4,4,4,4,4,4,4,4,//30
4,4,4,4,4,4,4,4,4,4,4,4,4,4,//30
4,4,4,4,4,4,4,4,4,11,4,4,4,4,//30
4,4,4,4,4,4,11,4,4,12,4,4,4,4,//30
4,6,5,6,6,5,6,5,6,5,6,5,6,4,//30
4,58,59,60,61,62,63,64,4,4,4,4,3,4,//31
4,4,4,4,4,4,4,4,4,4,4,4,1,4,//31
4,4,4,4,4,4,4,4,4,4,4,4,3,4,//31
4,4,4,4,4,4,4,4,4,4,4,9,1,4,//31
4,4,4,4,4,4,4,4,4,4,4,4,3,4,//31
4,4,4,4,4,4,4,10,4,4,4,4,1,4,//31
4,4,4,4,9,4,4,4,4,4,4,4,3,4,//31
4,4,4,4,4,4,4,4,4,4,4,4,16,4,//31
4,4,4,4,4,4,4,4,4,10,4,4,18,4,//31
4,7,4,4,4,4,4,4,4,4,4,4,1,4,//31
4,2,4,4,4,4,4,4,4,4,4,4,3,4,//32
4,0,4,4,4,4,4,4,4,4,4,4,1,4,//32
4,2,4,4,4,4,4,4,4,4,9,4,3,4,//32
4,0,4,4,10,4,4,4,4,4,4,4,1,4,//32
4,2,4,4,4,4,4,4,4,4,4,4,3,4,//32
4,0,4,4,4,4,4,4,9,4,4,4,1,4,//32
4,2,4,4,4,4,10,4,4,4,4,4,3,4,//32
4,0,4,4,4,4,4,4,4,4,4,4,1,4,//32
4,2,4,4,4,4,4,4,10,4,4,4,3,4,//32
4,0,10,10,4,4,4,4,4,4,4,4,1,4,//32
4,2,63,59,59,62,61,59,64,61,59,64,3,4,//33
4,0,4,4,4,4,4,4,4,4,4,4,1,4,//33
4,2,4,4,4,4,4,4,4,4,4,4,3,4,//33
4,0,4,4,4,4,4,4,19,4,4,4,1,4,//33
4,2,4,4,4,4,4,4,10,4,4,4,3,4,//33
4,0,4,4,4,4,4,4,4,4,4,4,1,4,//33
4,2,4,4,4,9,4,4,4,4,4,4,3,4,//33
4,0,4,4,4,4,4,4,4,4,4,4,16,4,//33
4,2,11,4,4,4,4,4,4,4,4,4,18,4,//33
4,6,5,6,6,5,6,5,6,5,6,5,6,4,//33
4,2,4,4,4,4,4,4,4,4,4,4,3,4,//34
4,0,4,4,4,4,4,4,4,4,4,4,1,4,//34
4,2,4,4,4,4,4,4,4,4,4,4,3,4,//34
4,0,4,4,4,4,4,4,4,9,4,4,1,4,//34
4,2,4,4,4,4,4,4,4,4,4,4,3,4,//34
4,0,4,4,4,4,4,4,4,4,4,4,1,4,//34
4,2,4,4,4,4,4,4,4,4,4,4,3,4,//34
4,15,4,4,4,4,4,11,4,4,4,4,1,4,//34
4,17,4,4,4,4,4,12,4,4,4,4,3,4,//34
4,6,5,6,6,5,6,5,6,5,6,5,6,4,//34
4,2,63,59,60,59,60,63,64,61,59,60,59,4,//35
4,0,4,4,4,4,4,4,4,4,4,4,4,4,//35
4,2,4,4,4,4,4,4,4,4,4,4,4,4,//35
4,0,4,4,4,4,4,4,4,4,4,4,4,4,//35
4,2,4,4,4,4,4,4,4,4,4,4,4,4,//35
4,0,4,4,4,4,4,4,4,4,4,4,4,4,//35
4,2,4,4,4,4,4,4,4,4,4,4,4,4,//35
4,0,4,4,4,4,4,4,11,4,4,4,4,4,//35
4,2,4,4,4,4,4,4,12,4,4,4,4,4,//35
4,6,5,6,6,5,6,5,6,5,6,5,6,4,//35
4,60,4,4,4,4,4,4,4,4,4,4,3,4,//36
4,4,4,4,4,4,4,4,4,4,4,4,1,4,//36
4,4,4,4,4,4,4,4,4,4,4,4,3,4,//36
4,4,4,4,4,4,4,9,4,4,4,4,1,4,//36
4,4,4,4,4,4,4,4,4,4,4,4,3,4,//36
4,4,4,4,4,4,4,4,4,4,4,9,1,4,//36
4,4,4,4,4,4,4,4,4,4,4,4,3,4,//36
4,4,4,4,9,4,4,4,4,4,4,4,1,4,//36
4,4,4,4,4,4,4,4,4,4,4,4,3,4,//36
4,7,4,4,4,4,4,10,4,4,4,4,1,4,//36
4,2,4,4,4,4,4,4,4,4,4,4,3,4,//37
4,0,4,4,4,4,4,4,4,4,4,4,1,4,//37
4,2,4,4,4,4,4,4,4,4,4,4,3,4,//37
4,0,4,4,4,10,4,4,4,4,4,4,1,4,//37
4,2,4,4,4,4,4,4,4,4,4,4,3,4,//37
4,0,4,4,4,4,4,4,4,4,4,4,1,4,//37
4,2,4,4,4,4,4,4,4,4,4,4,3,4,//37
4,0,4,4,4,4,4,11,4,4,4,4,1,4,//37
4,2,4,4,4,4,4,12,22,4,4,4,3,4,//37
4,6,5,6,6,5,6,5,6,5,6,5,6,4,//37
4,2,41,38,39,41,39,38,40,39,41,38,39,4,//38
4,0,4,4,4,4,4,4,4,4,4,4,4,4,//38
4,2,4,4,4,4,4,4,4,4,4,4,4,4,//38
4,0,4,4,4,4,4,4,4,4,4,4,4,4,//38
4,2,4,4,4,4,4,4,52,4,4,4,4,4,//38
4,0,4,4,4,4,4,4,4,4,4,4,4,4,//38
4,2,4,4,4,11,4,4,4,4,4,4,4,4,//38
4,0,4,4,4,12,4,4,4,4,4,4,4,4,//38
4,2,4,4,4,12,4,4,4,4,4,4,4,4,//38
4,50,51,50,51,50,51,50,51,50,51,50,51,4,//38
4,40,39,38,39,38,40,39,38,41,40,38,3,4,//39
4,4,4,4,4,4,4,4,4,4,4,4,1,4,//39
4,4,4,4,4,4,4,4,4,4,4,4,3,4,//39
4,4,4,4,4,4,4,4,4,4,4,4,1,4,//39
4,4,4,4,4,4,4,4,4,4,4,4,3,4,//39
4,4,4,4,4,4,4,4,4,4,4,4,1,4,//39
4,4,4,4,53,4,4,4,4,4,4,4,3,4,//39
4,4,4,4,4,4,4,4,4,4,4,4,16,4,//39
4,4,4,4,4,4,4,4,4,4,4,4,18,4,//39
4,7,4,4,4,4,4,4,52,4,4,4,1,4,//39
4,2,40,38,40,41,40,38,40,39,40,39,3,4,//40
4,0,4,4,4,4,4,4,4,4,4,4,1,4,//40
4,2,4,4,4,4,4,4,4,4,4,4,3,4,//40
4,0,4,4,4,4,4,4,4,4,4,4,1,4,//40
4,2,4,4,4,4,4,43,4,4,4,4,3,4,//40
4,0,4,4,4,4,4,43,4,4,4,4,1,4,//40
4,2,4,4,4,4,4,43,4,4,4,4,3,4,//40
4,15,4,4,4,4,4,43,4,4,4,4,1,4,//40
4,17,4,4,4,4,44,43,44,21,4,4,3,4,//40
4,6,5,6,6,5,6,5,6,5,6,5,6,4,//40
4,2,38,39,40,41,40,39,38,40,39,38,3,4,//41
4,0,4,4,4,4,4,4,4,4,4,4,1,4,//41
4,2,4,4,4,4,4,4,4,4,4,4,3,4,//41
4,0,4,4,4,4,4,4,4,4,4,4,1,4,//41
4,2,4,4,4,4,50,4,4,4,4,4,3,4,//41
4,0,4,4,4,4,4,4,4,4,4,4,1,4,//41
4,2,4,4,4,4,4,4,4,4,4,4,3,4,//41
4,0,4,4,4,4,4,4,4,4,4,4,1,4,//41
4,2,4,4,4,4,4,4,4,51,4,4,3,4,//41
4,0,4,4,4,4,4,4,4,4,4,4,1,4,//41
4,2,4,4,4,4,63,64,4,4,4,4,3,4,//42
4,0,4,4,4,4,4,4,4,4,4,4,1,4,//42
4,2,4,4,4,4,4,4,4,4,4,4,3,4,//42
4,0,4,4,4,4,4,4,4,10,4,4,1,4,//42
4,2,4,4,4,4,4,4,4,4,4,4,3,4,//42
4,0,4,4,4,4,4,10,4,4,4,4,1,4,//42
4,2,4,4,4,4,4,4,4,4,4,4,3,4,//42
4,0,4,4,4,4,4,4,4,4,4,4,1,4,//42
4,2,4,4,4,9,4,4,4,4,4,4,3,4,//42
4,0,4,4,4,4,4,4,4,4,4,4,1,4,//42
4,2,4,4,4,4,63,64,4,4,4,4,3,4,//43
4,0,4,4,4,4,4,4,4,4,4,4,1,4,//43
4,2,9,4,4,4,4,4,4,4,4,4,3,4,//43
4,0,4,4,4,4,4,4,4,4,4,9,1,4,//43
4,2,4,4,4,4,4,4,4,4,4,4,3,4,//43
4,0,4,4,10,4,4,4,4,4,4,4,1,4,//43
4,2,4,4,4,4,4,4,4,4,4,4,3,4,//43
4,0,4,4,4,4,4,9,4,4,4,4,1,4,//43
4,2,4,4,4,4,4,4,4,4,4,4,3,4,//43
4,0,4,10,4,4,4,4,4,4,4,4,1,4,//43
4,2,4,4,4,4,4,4,4,4,4,4,3,4,//44
4,0,4,4,4,4,4,4,4,4,4,4,1,4,//44
4,2,4,4,4,4,4,4,4,4,4,4,3,4,//44
4,0,4,4,4,4,4,4,4,4,4,4,1,4,//44
4,2,4,4,4,4,4,4,4,4,4,4,3,4,//44
4,0,4,4,4,4,4,4,4,4,4,4,1,4,//44
4,2,4,4,4,4,4,4,4,4,4,4,3,4,//44
4,0,4,4,4,4,4,4,4,4,4,4,1,4,//44
4,2,4,4,4,4,4,4,4,4,4,4,3,4,//44
4,0,4,4,4,4,4,4,4,4,4,4,1,4,//44
4,2,4,4,4,4,4,4,4,4,4,4,3,4,//45
4,0,4,4,4,4,4,4,4,4,4,4,1,4,//45
4,2,4,4,4,4,4,4,4,4,4,4,3,4,//45
4,0,4,4,4,4,4,4,10,4,4,4,1,4,//45
4,2,4,4,4,4,4,4,4,4,4,4,3,4,//45
4,0,4,4,4,22,4,4,4,4,4,4,1,4,//45
4,2,4,4,4,11,4,4,4,4,4,4,3,4,//45
4,0,4,4,4,12,4,4,4,4,4,4,1,4,//45
4,2,4,4,4,12,4,4,4,4,4,4,3,4,//45
4,6,5,6,6,5,6,5,6,5,6,5,6,4,//45
4,2,65,66,67,68,69,70,67,69,69,69,3,4,//46
4,0,4,4,4,4,4,4,4,4,4,4,1,4,//46
4,2,4,4,4,4,4,4,4,4,4,4,3,4,//46
4,0,4,4,4,4,4,4,4,4,4,4,1,4,//46
4,2,4,4,4,4,4,4,4,4,4,4,3,4,//46
4,0,4,4,4,4,4,4,4,4,4,4,1,4,//46
4,2,4,4,28,4,4,4,4,4,4,4,3,4,//46
4,0,4,4,4,4,4,4,4,4,4,4,1,4,//46
4,2,4,4,4,4,4,4,4,4,4,4,3,4,//46
4,0,4,4,4,4,4,4,29,4,4,4,1,4,//46
4,2,4,4,4,4,4,4,4,4,4,4,3,4,//47
4,0,4,4,4,4,4,4,4,4,4,4,1,4,//47
4,2,4,4,4,4,4,4,4,4,4,4,3,4,//47
4,0,4,4,4,4,4,10,4,4,4,4,1,4,//47
4,2,4,4,4,4,4,4,4,4,4,4,3,4,//47
4,0,4,4,4,4,4,4,4,4,4,4,1,4,//47
4,2,4,4,4,4,4,4,4,11,4,4,3,4,//47
4,0,4,4,4,4,4,4,4,12,4,4,1,4,//47
4,2,4,4,4,4,4,4,4,12,4,4,3,4,//47
4,6,5,6,6,5,6,5,6,5,6,5,6,4,//47
4,2,4,4,4,4,4,4,4,4,4,4,3,4,//48
4,0,4,4,4,4,4,4,4,4,4,4,1,4,//48
4,2,4,4,4,4,4,4,4,4,4,4,3,4,//48
4,0,4,4,4,4,4,9,4,4,4,4,1,4,//48
4,2,4,4,4,4,4,4,4,4,4,4,3,4,//48
4,0,4,4,4,4,4,4,4,4,4,4,1,4,//48
4,2,4,4,4,9,4,4,4,4,4,4,3,4,//48
4,15,4,4,4,4,4,4,4,4,4,4,1,4,//48
4,17,4,4,4,4,4,4,4,4,4,4,3,4,//48
4,6,5,6,6,5,6,5,6,5,6,5,6,4,//48
4,2,38,39,38,38,39,40,38,41,39,41,3,4,//49
4,0,4,4,4,4,4,4,4,4,4,4,1,4,//49
4,2,4,4,4,4,4,4,4,4,4,4,3,4,//49
4,0,4,4,4,4,4,4,4,4,4,4,1,4,//49
4,2,4,4,4,4,4,4,4,4,4,4,3,4,//49
4,0,4,4,4,47,4,4,4,4,4,4,1,4,//49
4,2,4,4,4,4,4,4,4,4,4,4,3,4,//49
4,0,4,4,4,4,4,4,4,4,4,4,16,4,//49
4,2,4,4,4,4,4,4,4,4,4,4,18,4,//49
4,43,44,43,44,43,4,4,44,43,44,43,44,4,//49
4,2,38,41,40,38,40,39,41,38,39,40,38,4,//50
4,0,4,4,4,4,4,4,4,4,4,4,4,4,//50
4,2,4,4,4,4,4,4,4,4,4,4,4,4,//50
4,0,4,4,4,4,4,4,4,4,4,4,4,4,//50
4,2,4,4,4,4,4,4,4,4,4,4,4,4,//50
4,0,4,4,4,4,4,4,4,4,4,4,4,4,//50
4,2,4,4,4,4,4,4,4,48,4,4,4,4,//50
4,15,4,4,4,4,4,4,4,4,4,4,4,4,//50
4,17,4,4,4,4,4,4,4,4,4,4,4,4,//50
4,44,43,44,43,44,43,44,43,44,43,44,43,4,//50
4,38,39,41,39,38,39,40,39,38,39,40,3,4,//51
4,4,4,4,4,4,4,4,4,4,4,4,1,4,//51
4,4,4,4,4,4,4,4,4,4,4,4,3,4,//51
4,4,4,4,4,4,47,4,4,4,4,4,1,4,//51
4,4,4,4,4,4,4,4,4,4,4,4,3,4,//51
4,4,4,4,4,4,4,4,4,4,4,4,1,4,//51
4,4,4,4,4,4,4,4,4,4,4,4,3,4,//51
4,4,4,4,4,4,4,4,4,4,4,4,1,4,//51
4,4,4,4,4,4,4,4,4,48,4,4,3,4,//51
4,43,4,4,4,4,4,4,4,4,4,4,1,4,//51
4,2,4,4,4,4,4,4,4,4,4,4,63,4,//52
4,0,4,4,4,4,4,4,4,4,4,4,4,4,//52
4,2,4,4,4,4,4,4,4,4,4,4,4,4,//52
4,0,4,4,4,10,4,4,4,4,4,4,4,4,//52
4,2,4,4,4,4,4,4,4,4,4,4,4,4,//52
4,0,4,4,4,4,4,4,4,4,4,4,4,4,//52
4,2,11,4,4,4,4,4,4,4,4,4,4,4,//52
4,0,12,4,4,4,4,4,11,4,4,4,4,4,//52
4,2,12,4,4,4,4,4,12,4,4,4,4,4,//52
4,6,5,6,6,5,6,5,6,5,6,5,6,4,//52
4,57,64,61,59,60,63,64,58,59,59,64,3,4,//53
4,4,4,4,4,4,4,4,4,4,4,4,1,4,//53
4,4,4,4,4,4,4,4,4,4,4,4,3,4,//53
4,4,4,4,4,4,4,4,4,4,4,4,1,4,//53
4,4,4,4,4,4,4,4,4,4,4,4,3,4,//53
4,4,4,4,4,4,4,4,4,4,4,4,1,4,//53
4,4,20,4,4,4,4,4,4,4,4,4,3,4,//53
4,4,9,4,4,4,4,4,4,4,4,4,16,4,//53
4,4,4,4,4,4,4,4,4,4,4,4,18,4,//53
4,6,5,6,6,5,6,5,6,5,6,5,6,4,//53
4,2,58,57,59,59,58,60,62,59,58,60,3,4,//54
4,0,4,4,4,4,4,4,4,4,4,4,1,4,//54
4,2,4,4,4,4,4,4,4,4,4,4,3,4,//54
4,0,4,4,4,4,4,4,4,4,4,4,1,4,//54
4,2,4,4,4,4,4,4,4,4,4,4,3,4,//54
4,0,4,4,4,4,4,4,4,4,4,4,1,4,//54
4,2,4,4,4,4,4,4,4,4,4,4,3,4,//54
4,15,4,4,4,4,4,4,4,4,4,4,1,4,//54
4,17,4,4,4,4,4,4,4,4,4,4,3,4,//54
4,0,4,4,9,4,4,4,4,4,4,4,1,4,//54
4,2,4,4,4,4,4,4,4,4,4,4,38,4,//55
4,0,4,4,4,4,4,4,4,4,4,4,4,4,//55
4,2,4,4,4,4,4,4,4,4,4,47,4,4,//55
4,0,4,4,4,47,4,4,4,4,4,4,4,4,//55
4,2,4,4,4,4,4,4,4,4,4,4,4,4,//55
4,0,4,4,4,4,4,4,4,4,4,4,4,4,//55
4,2,4,4,4,4,4,4,4,4,4,4,4,4,//55
4,0,4,4,4,4,4,11,4,4,4,4,4,4,//55
4,2,4,4,4,4,4,12,4,4,4,4,4,4,//55
4,0,4,4,44,43,44,43,44,43,44,43,44,4,//55
4,38,40,38,41,38,39,38,39,38,40,38,40,4,//56
4,4,4,4,4,4,4,4,4,4,4,4,4,4,//56
4,4,4,4,4,4,4,4,4,4,4,4,4,4,//56
4,4,4,4,4,4,4,4,4,4,4,4,4,4,//56
4,4,4,4,4,4,4,4,4,4,4,4,4,4,//56
4,4,4,4,4,4,4,4,4,48,4,4,4,4,//56
4,4,4,4,4,4,4,4,4,4,4,4,4,4,//56
4,4,4,4,4,4,11,4,4,4,4,4,4,4,//56
4,4,4,4,4,4,12,4,4,4,4,4,4,4,//56
4,43,44,43,44,43,44,43,44,43,44,43,44,4,//56
4,38,4,4,4,4,4,4,4,4,4,4,3,4,//57
4,4,4,4,4,4,4,4,4,4,4,4,1,4,//57
4,4,4,4,4,4,4,4,4,4,4,4,3,4,//57
4,4,4,4,4,4,47,4,4,4,4,4,1,4,//57
4,4,4,4,4,4,4,4,4,4,4,4,3,4,//57
4,4,4,4,4,4,4,4,4,4,4,4,1,4,//57
4,4,4,11,4,4,4,4,4,4,4,4,3,4,//57
4,4,4,12,4,4,4,4,4,4,4,4,16,4,//57
4,4,4,12,4,4,4,4,4,4,4,4,18,4,//57
4,43,44,43,44,43,44,43,44,43,44,43,44,4,//57
4,2,4,4,4,4,4,4,4,4,4,4,4,4,//58
4,0,4,4,4,4,4,4,4,4,4,4,4,4,//58
4,2,4,4,4,4,4,4,4,4,4,4,4,4,//58
4,0,10,4,4,4,4,4,4,4,4,4,4,4,//58
4,2,4,4,4,4,4,4,4,4,4,4,4,4,//58
4,0,4,4,4,4,4,4,4,4,4,4,4,4,//58
4,2,4,4,4,4,11,4,4,4,4,4,4,4,//58
4,15,4,4,4,4,12,4,4,4,4,4,4,4,//58
4,17,4,4,4,4,12,4,4,11,4,4,4,4,//58
4,6,5,6,6,5,6,5,6,5,6,5,6,4,//58
4,60,4,4,4,4,4,4,4,4,4,4,3,4,//59
4,4,4,4,4,4,4,4,4,4,4,4,1,4,//59
4,4,4,4,4,4,4,4,4,4,4,4,3,4,//59
4,4,4,4,4,4,4,4,4,4,4,4,1,4,//59
4,4,4,4,4,4,4,4,4,4,4,4,3,4,//59
4,4,4,4,4,4,4,11,4,4,4,4,1,4,//59
4,4,4,11,4,4,4,12,4,4,4,10,3,4,//59
4,4,4,12,4,4,4,12,4,4,4,4,1,4,//59
4,4,4,12,4,4,4,12,4,4,4,4,3,4,//59
4,6,5,6,6,5,6,5,6,7,4,4,1,4,//59
4,2,4,4,4,4,4,4,4,4,4,4,3,4,//60
4,0,4,4,4,4,4,4,4,4,4,4,1,4,//60
4,2,4,4,4,4,4,4,4,4,4,4,3,4,//60
4,0,4,4,4,4,4,4,4,4,4,4,1,4,//60
4,2,4,4,4,4,4,4,4,4,4,4,3,4,//60
4,0,4,4,4,4,4,4,4,4,4,4,1,4,//60
4,2,4,4,4,4,4,4,4,4,4,4,3,4,//60
4,0,4,4,4,4,4,4,4,4,4,4,1,4,//60
4,2,4,4,4,4,4,4,4,4,4,4,3,4,//60
4,0,4,4,4,4,4,4,4,4,4,4,1,4,//60
4,2,63,57,59,62,63,64,61,60,58,60,3,4,//61
4,0,4,4,4,4,4,4,4,4,4,4,1,4,//61
4,2,4,4,4,4,4,4,4,4,4,4,3,4,//61
4,0,4,4,4,4,4,4,4,4,4,4,1,4,//61
4,2,4,4,4,4,4,4,4,4,4,4,3,4,//61
4,0,4,4,4,4,4,4,4,4,4,4,1,4,//61
4,2,4,4,4,4,4,4,4,4,4,4,3,4,//61
4,0,4,4,22,4,4,4,4,4,4,4,16,4,//61
4,2,4,4,9,4,4,4,4,4,4,4,18,4,//61
4,0,4,4,4,4,4,4,4,4,4,4,1,4,//61
4,2,4,4,4,4,4,4,4,4,4,4,3,4,//62
4,0,4,4,4,4,4,4,4,4,4,4,1,4,//62
4,2,4,4,4,4,4,4,4,4,4,4,3,4,//62
4,0,4,4,28,4,4,4,4,4,4,4,1,4,//62
4,2,4,4,4,4,4,4,4,4,4,4,3,4,//62
4,0,4,4,4,4,4,4,4,4,4,4,1,4,//62
4,2,4,4,4,4,4,4,29,4,4,4,3,4,//62
4,15,4,4,4,4,4,4,4,4,4,4,1,4,//62
4,17,4,4,4,4,4,4,4,4,4,4,3,4,//62
4,0,4,28,4,4,4,4,4,4,4,4,1,4,//62
4,2,57,59,60,63,64,61,59,60,63,64,3,4,//63
4,0,4,4,4,4,4,4,4,4,4,4,1,4,//63
4,2,4,4,4,4,4,4,4,4,4,4,3,4,//63
4,0,10,4,4,4,4,10,4,4,4,4,1,4,//63
4,2,4,4,4,4,4,4,4,4,4,4,3,4,//63
4,0,4,4,4,4,4,4,4,4,4,4,1,4,//63
4,2,4,4,4,4,4,4,4,9,4,4,3,4,//63
4,0,4,4,10,4,4,4,4,4,4,4,16,4,//63
4,2,4,4,4,4,4,4,4,4,4,4,18,4,//63
4,6,5,6,6,5,6,5,6,5,6,5,6,4,//63
4,2,4,4,4,4,4,4,4,4,4,4,4,4,//64
4,0,4,4,4,4,4,4,4,4,4,4,4,4,//64
4,2,4,4,4,4,4,4,4,4,4,4,4,4,//64
4,0,4,4,4,4,4,4,4,22,4,4,4,4,//64
4,2,4,4,4,4,4,4,4,10,4,4,4,4,//64
4,0,4,4,4,4,4,4,4,4,4,4,4,4,//64
4,2,4,4,4,4,4,4,4,4,4,4,4,4,//64
4,0,4,4,4,11,4,4,4,4,4,4,4,4,//64
4,2,4,4,4,12,4,4,4,4,4,4,4,4,//64
4,6,5,6,6,5,6,5,6,5,6,5,6,4,//64
4,4,4,4,4,4,4,4,4,4,4,4,3,4,//65
4,4,4,4,4,4,4,4,4,4,4,4,1,4,//65
4,4,4,4,4,4,4,4,4,4,4,4,3,4,//65
4,4,4,4,4,4,4,10,4,4,4,4,1,4,//65
4,4,4,4,4,4,4,4,4,4,4,4,3,4,//65
4,4,4,4,4,4,4,4,4,4,4,4,1,4,//65
4,4,4,4,10,4,4,4,4,4,4,4,3,4,//65
4,4,4,4,4,4,4,4,4,4,4,4,1,4,//65
4,4,4,4,4,4,4,4,4,4,4,4,3,4,//65
4,6,5,6,6,5,6,5,6,5,6,5,6,4,//65
4,4,4,4,4,4,4,4,4,4,4,4,4,4,//66
4,4,4,4,4,4,4,4,4,4,4,4,4,4,//66
4,4,4,4,4,4,4,4,4,4,4,4,4,4,//66
4,4,4,4,4,4,4,4,4,4,4,4,4,4,//66
4,4,4,4,4,4,4,4,4,4,4,4,4,4,//66
4,4,4,4,4,4,4,4,4,4,4,4,4,4,//66
4,4,4,4,4,4,4,4,4,4,4,4,4,4,//66
4,4,4,4,4,4,4,4,4,4,4,4,4,4,//66
4,4,4,4,4,4,4,4,4,4,4,4,4,4,//66
4,4,4,4,4,4,4,4,4,4,4,4,4,4,//66
4,2,4,4,4,4,4,4,4,4,4,4,3,4,//67
4,0,4,4,4,4,4,4,4,4,4,4,1,4,//67
4,2,4,4,4,47,4,4,4,4,4,4,3,4,//67
4,0,4,4,4,4,4,4,4,4,4,4,1,4,//67
4,2,4,4,4,4,4,4,4,4,4,4,3,4,//67
4,0,4,4,4,4,4,4,47,4,4,4,1,4,//67
4,2,4,4,4,4,4,4,4,4,4,4,3,4,//67
4,0,4,4,4,4,4,4,4,4,4,4,1,4,//67
4,2,4,4,4,4,4,4,4,4,4,47,3,4,//67
4,0,4,4,4,4,4,4,4,4,4,4,1,4,//67
4,2,38,39,41,40,39,38,39,41,40,39,38,4,//68
4,0,4,4,4,4,4,4,4,4,4,4,4,4,//68
4,2,4,4,4,4,4,4,4,4,4,4,4,4,//68
4,0,4,4,4,4,4,4,4,4,4,4,4,4,//68
4,2,4,4,4,4,4,4,4,4,4,4,4,4,//68
4,0,4,4,4,4,4,4,4,4,4,4,4,4,//68
4,2,4,4,4,4,4,4,4,4,4,4,4,4,//68
4,0,4,4,4,4,4,4,4,4,4,4,4,4,//68
4,2,4,4,4,4,4,4,4,4,4,4,4,4,//68
4,0,4,4,4,43,44,43,44,43,44,4,43,4,//68
4,41,40,41,38,39,41,38,39,39,38,41,3,4,//69
4,4,4,4,4,4,4,4,4,4,4,4,1,4,//69
4,4,4,4,4,4,4,4,22,4,4,4,3,4,//69
4,4,4,4,4,4,4,4,48,4,4,4,1,4,//69
4,4,4,4,4,4,4,4,4,4,4,4,3,4,//69
4,4,4,4,4,4,4,4,4,4,4,4,1,4,//69
4,4,4,4,47,4,4,4,4,4,4,4,3,4,//69
4,4,4,4,4,4,4,4,4,4,4,4,1,4,//69
4,4,4,4,4,4,4,4,4,4,4,4,3,4,//69
4,43,44,43,44,43,44,43,44,43,44,43,44,4,//69
4,2,4,4,4,4,4,4,4,4,4,4,3,4,//70
4,0,4,4,4,4,4,4,4,4,4,4,1,4,//70
4,2,4,4,4,4,4,4,4,4,4,4,3,4,//70
4,0,4,4,4,4,4,4,9,4,4,4,1,4,//70
4,2,4,4,4,4,4,4,4,4,4,4,3,4,//70
4,0,4,4,4,4,22,4,4,4,4,4,1,4,//70
4,2,4,4,4,4,11,4,4,4,4,4,3,4,//70
4,0,4,4,4,4,12,4,4,4,4,4,1,4,//70
4,2,4,4,4,4,12,4,4,4,4,4,3,4,//70
4,6,5,6,6,5,6,5,6,5,6,5,6,4,//70
4,2,4,4,4,4,41,39,40,38,38,39,3,4,//71
4,0,4,4,4,4,4,4,4,4,4,4,1,4,//71
4,2,48,4,4,4,4,4,4,4,4,4,3,4,//71
4,0,4,4,4,4,4,4,4,4,4,4,1,4,//71
4,2,4,47,4,4,4,4,4,4,4,4,3,4,//71
4,0,4,4,4,4,4,4,47,4,4,4,1,4,//71
4,2,4,4,4,4,4,4,4,4,4,4,3,4,//71
4,0,4,4,4,4,4,4,4,4,4,4,1,4,//71
4,2,4,4,4,48,4,4,4,4,4,4,3,4,//71
4,0,4,4,4,4,4,4,4,4,4,4,1,4,//71
4,2,57,58,59,60,61,62,63,64,58,59,60,4,//72
4,0,4,4,4,4,4,4,4,4,4,4,4,4,//72
4,2,4,4,4,4,4,4,4,4,4,4,4,4,//72
4,0,4,4,4,4,4,4,4,4,4,4,4,4,//72
4,2,4,4,4,4,4,4,4,4,4,4,4,4,//72
4,0,4,22,4,4,4,4,4,4,4,4,4,4,//72
4,2,4,11,4,4,4,4,4,4,11,4,4,4,//72
4,0,4,12,4,4,4,11,4,4,12,4,4,4,//72
4,2,4,12,4,4,4,12,4,4,12,4,4,4,//72
4,6,5,6,6,5,6,5,6,5,6,5,6,4,//72
4,63,57,58,60,63,58,60,59,63,58,59,60,4,//73
4,4,4,4,4,4,4,4,4,4,4,4,4,4,//73
4,4,4,4,4,4,4,4,4,4,4,4,4,4,//73
4,4,4,4,4,4,4,4,4,4,4,4,4,4,//73
4,4,4,4,4,4,4,4,4,4,4,4,4,4,//73
4,4,9,4,4,10,4,4,4,4,4,4,4,4,//73
4,4,4,4,4,4,4,4,4,4,4,4,4,4,//73
4,4,4,4,4,4,4,4,11,4,4,4,4,4,//73
4,4,4,4,4,4,4,4,12,4,4,4,4,4,//73
4,7,4,4,4,8,6,5,6,5,6,5,6,4,//73
4,58,59,60,63,58,64,58,60,63,58,64,3,4,//74
4,4,4,4,4,4,4,4,4,4,4,4,1,4,//74
4,4,4,4,4,4,4,4,4,4,4,4,3,4,//74
4,4,4,4,4,4,4,4,4,4,4,4,1,4,//74
4,4,4,4,4,4,4,4,4,4,4,4,3,4,//74
4,4,4,4,9,4,4,4,4,4,4,4,1,4,//74
4,4,4,4,4,4,4,4,4,4,4,4,3,4,//74
4,4,4,4,4,4,4,4,11,4,4,4,1,4,//74
4,4,4,4,4,4,4,4,12,4,4,4,3,4,//74
4,6,5,6,6,5,6,5,6,5,6,5,6,4,//74
4,2,57,58,59,60,61,62,4,4,4,4,3,4,//75
4,0,4,4,4,4,4,4,4,4,4,4,1,4,//75
4,2,4,4,4,4,4,4,4,4,4,4,3,4,//75
4,0,4,4,4,4,4,4,4,4,4,10,1,4,//75
4,2,4,4,4,4,4,4,4,22,4,4,3,4,//75
4,0,4,4,4,4,4,4,4,9,4,4,1,4,//75
4,2,4,4,4,4,4,4,4,4,4,4,3,4,//75
4,0,4,4,4,4,4,4,4,4,4,4,1,4,//75
4,2,4,4,4,4,4,4,4,4,4,4,3,4,//75
4,6,5,6,6,5,6,5,6,5,6,5,6,4,//75
4,2,4,4,4,4,4,4,4,4,4,4,3,4,//76
4,0,4,4,4,4,4,4,4,4,4,4,1,4,//76
4,2,4,4,4,4,4,4,4,4,4,4,3,4,//76
4,0,4,4,4,4,4,4,4,4,4,4,1,4,//76
4,2,4,4,4,4,4,4,4,4,4,4,3,4,//76
4,0,4,4,4,4,4,4,4,4,4,4,1,4,//76
4,2,4,4,4,4,4,4,4,4,4,4,3,4,//76
4,0,4,4,4,4,4,4,4,4,4,4,1,4,//76
4,2,4,4,4,4,4,4,4,4,4,4,3,4,//76
4,0,4,4,4,4,4,4,4,4,4,4,1,4,//76
4,2,4,4,4,4,4,4,4,4,4,4,3,4,//77
4,0,4,4,4,4,4,4,4,4,4,4,1,4,//77
4,2,4,4,4,4,4,4,10,4,4,4,3,4,//77
4,0,4,4,4,4,4,4,4,4,4,4,1,4,//77
4,2,4,4,4,4,4,4,4,4,4,4,3,4,//77
4,0,4,4,4,4,4,4,4,4,9,4,1,4,//77
4,2,4,4,10,4,4,4,4,4,4,4,3,4,//77
4,0,4,4,4,4,4,4,4,4,4,4,1,4,//77
4,2,4,4,4,4,4,4,4,4,4,4,3,4,//77
4,0,4,4,4,4,4,4,10,4,4,4,1,4,//77
4,2,4,4,4,4,4,4,4,4,4,4,4,4,//78
4,0,4,4,4,4,4,4,4,4,4,4,4,4,//78
4,2,4,4,4,4,4,4,4,4,4,4,4,4,//78
4,0,4,4,4,4,4,4,4,4,4,4,4,4,//78
4,2,4,4,4,4,4,28,4,4,4,4,4,4,//78
4,0,4,4,4,4,4,4,4,4,4,4,4,4,//78
4,2,4,4,11,4,4,4,4,4,4,4,4,4,//78
4,0,4,4,12,4,4,4,4,4,4,4,4,4,//78
4,2,4,4,12,4,4,4,4,4,11,4,4,4,//78
4,24,25,26,25,25,24,25,24,25,24,26,25,4,//78
4,65,66,67,68,69,70,68,66,68,69,66,3,4,//79
4,4,4,4,4,4,4,4,4,4,4,4,1,4,//79
4,4,4,4,4,4,4,4,4,4,4,4,3,4,//79
4,4,4,4,4,4,4,4,4,4,4,4,1,4,//79
4,4,4,4,4,4,4,4,4,4,4,4,3,4,//79
4,4,4,4,4,4,4,4,4,4,4,4,1,4,//79
4,4,4,4,4,4,4,22,4,4,4,4,3,4,//79
4,4,4,4,4,4,4,11,4,4,4,4,1,4,//79
4,4,4,4,4,4,4,12,4,4,4,4,3,4,//79
4,24,25,26,24,25,26,24,25,26,4,4,1,4,//79
4,2,66,67,65,69,70,67,65,69,70,67,69,4,//80
4,0,4,4,4,4,4,4,4,4,4,4,4,4,//80
4,2,4,4,4,4,4,4,4,4,4,4,4,4,//80
4,0,4,4,4,4,4,4,4,4,4,4,4,4,//80
4,2,4,4,4,4,4,4,4,4,4,4,4,4,//80
4,0,4,4,4,4,4,4,4,4,4,4,4,4,//80
4,2,4,4,4,4,4,4,4,4,4,4,4,4,//80
4,0,4,4,4,4,4,4,4,4,4,4,4,4,//80
4,2,4,4,4,4,4,4,4,4,4,29,4,4,//80
4,0,4,4,4,4,4,28,4,4,4,4,4,4,//80
4,66,67,68,70,69,68,68,66,69,70,68,66,4,//81
4,4,4,4,4,4,4,4,4,4,4,4,4,4,//81
4,4,4,4,4,4,4,4,4,4,4,4,4,4,//81
4,4,4,4,4,4,4,4,4,4,4,4,4,4,//81
4,4,4,4,29,4,4,4,4,4,4,4,4,4,//81
4,4,4,4,4,4,4,4,4,4,4,4,4,4,//81
4,4,4,4,4,4,4,4,4,4,4,4,4,4,//81
4,4,4,4,4,4,4,4,24,4,4,4,4,4,//81
4,4,24,4,4,4,4,4,4,4,4,4,4,4,//81
4,4,4,4,4,4,4,4,4,4,4,4,26,4,//81
4,65,66,67,69,67,69,66,67,66,69,67,3,4,//82
4,4,4,4,4,4,4,4,4,4,4,4,1,4,//82
4,4,4,4,4,4,4,4,4,4,4,4,3,4,//82
4,4,4,4,4,4,4,4,4,28,4,4,1,4,//82
4,4,4,4,4,4,4,4,4,4,4,4,3,4,//82
4,4,4,4,28,4,4,4,4,4,4,4,1,4,//82
4,4,4,4,4,4,4,4,4,4,4,4,3,4,//82
4,4,4,4,4,4,4,28,4,4,4,4,1,4,//82
4,4,4,4,4,4,4,4,4,4,4,4,3,4,//82
4,26,4,4,4,4,4,4,4,26,4,4,1,4,//82
4,2,4,4,4,4,4,4,4,4,4,4,4,4,//83
4,0,4,4,4,4,4,4,4,4,4,4,4,4,//83
4,2,4,4,4,4,4,4,4,4,47,4,4,4,//83
4,0,4,4,4,4,4,4,4,4,4,4,4,4,//83
4,2,4,4,4,4,4,4,4,4,4,4,4,4,//83
4,0,4,4,4,4,4,4,4,4,4,4,4,4,//83
4,2,4,4,4,4,11,4,4,4,4,4,4,4,//83
4,0,4,4,4,4,12,4,4,4,4,4,4,4,//83
4,2,4,4,4,4,12,4,4,4,4,4,4,4,//83
4,43,44,43,44,43,44,43,44,43,44,43,44,4,//83
4,38,4,4,4,4,39,40,39,4,4,4,40,4,//84
4,4,4,4,4,4,4,4,4,4,4,4,4,4,//84
4,47,4,4,4,4,4,4,4,4,4,4,4,4,//84
4,4,4,4,4,4,4,4,4,4,4,4,4,4,//84
4,4,4,4,4,4,4,4,4,4,4,48,4,4,//84
4,4,4,4,4,4,4,4,4,4,4,4,4,4,//84
4,4,4,4,4,47,4,4,4,4,4,4,4,4,//84
4,4,4,4,4,4,4,4,4,11,4,4,4,4,//84
4,4,4,4,4,4,4,4,4,12,4,4,4,4,//84
4,43,44,43,44,43,44,43,44,43,44,43,44,4,//84
4,40,41,40,39,41,40,39,38,39,38,39,3,4,//85
4,4,4,4,4,4,4,4,4,4,4,4,1,4,//85
4,4,4,4,4,4,4,4,4,4,4,4,3,4,//85
4,4,4,4,4,4,4,4,4,4,4,4,1,4,//85
4,4,4,4,4,4,4,4,4,4,4,4,3,4,//85
4,4,4,4,4,4,4,4,4,4,4,4,1,4,//85
4,4,4,4,4,4,4,4,4,4,4,4,3,4,//85
4,4,4,11,4,4,4,4,4,4,4,4,1,4,//85
4,4,4,12,4,4,4,11,4,4,4,4,3,4,//85
4,43,44,43,44,43,44,43,44,43,4,4,1,4,//85
4,0,4,4,4,4,4,4,4,4,4,4,4,4,//86
4,2,4,4,4,4,4,4,4,4,4,4,4,4,//86
4,0,4,4,4,4,4,4,4,4,4,4,4,4,//86
4,2,4,4,4,4,4,4,4,4,4,4,4,4,//86
4,0,4,4,4,4,4,4,4,4,4,4,4,4,//86
4,2,4,4,4,4,4,4,10,4,4,4,4,4,//86
4,0,4,4,4,4,4,4,4,4,4,4,4,4,//86
4,2,4,4,4,4,4,4,4,4,4,4,4,4,//86
4,0,4,4,4,10,4,4,4,4,4,4,4,4,//86
4,2,4,4,4,4,4,4,4,4,4,8,6,4,//86
4,4,4,4,4,4,4,4,4,4,4,4,4,4,//87
4,4,4,4,4,4,4,4,4,4,4,4,4,4,//87
4,4,4,4,4,4,4,4,4,4,4,4,4,4,//87
4,4,4,4,4,4,4,10,4,4,4,4,4,4,//87
4,4,4,4,4,4,4,4,4,4,4,4,4,4,//87
4,4,4,4,4,4,4,4,4,4,4,4,4,4,//87
4,4,4,4,10,4,4,4,4,4,4,4,4,4,//87
4,4,4,4,4,4,4,4,4,4,4,4,4,4,//87
4,4,4,4,4,4,4,4,4,4,4,4,4,4,//87
4,6,6,6,6,6,6,6,6,6,6,6,6,4,//87
4,4,4,4,4,4,4,4,4,4,4,4,3,4,//88
4,4,4,4,4,4,4,4,4,4,4,4,1,4,//88
4,4,4,4,4,4,4,4,4,4,4,4,3,4,//88
4,4,4,4,4,4,4,4,4,4,4,4,1,4,//88
4,4,4,4,4,4,4,4,4,4,4,4,3,4,//88
4,4,4,4,4,4,4,4,10,4,4,4,1,4,//88
4,4,4,4,4,4,4,4,4,4,4,4,3,4,//88
4,4,4,4,4,4,4,4,4,4,4,4,16,4,//88
4,4,4,4,10,4,4,4,4,4,4,4,18,4,//88
4,7,4,4,4,4,4,4,4,4,4,4,1,4,//88
4,2,4,4,4,4,4,4,4,4,4,4,4,4,//89
4,0,4,4,4,4,4,4,4,4,4,4,4,4,//89
4,2,4,4,4,4,4,4,4,4,4,4,4,4,//89
4,0,4,4,4,4,4,4,4,4,4,4,4,4,//89
4,2,4,4,9,4,4,4,4,4,4,4,4,4,//89
4,0,4,4,4,4,4,4,4,4,4,4,4,4,//89
4,2,4,4,4,4,4,4,10,4,4,4,4,4,//89
4,15,4,4,4,4,4,4,4,4,4,4,4,4,//89
4,17,4,4,4,4,4,4,4,4,4,4,4,4,//89
4,0,4,4,4,9,4,4,4,4,4,8,6,4,//89
4,4,4,4,4,4,4,4,4,4,4,4,1,4,//90
4,4,4,4,4,4,4,4,4,4,4,4,3,4,//90
4,4,4,4,4,4,4,4,4,4,4,4,1,4,//90
4,4,4,4,4,4,4,4,4,4,4,4,3,4,//90
4,4,4,4,4,4,4,4,4,4,4,4,1,4,//90
4,4,4,4,4,4,4,4,4,4,4,4,3,4,//90
4,4,4,4,4,4,4,22,4,4,4,4,1,4,//90
4,4,4,4,4,4,4,9,4,4,4,4,18,4,//90
4,4,4,4,4,4,4,4,4,4,4,4,16,4,//90
4,7,4,4,4,4,4,4,4,4,4,4,3,4,//90
4,0,4,4,4,4,4,4,4,4,4,4,3,4,//91
4,2,4,4,4,4,4,4,4,4,4,4,1,4,//91
4,0,4,4,4,4,4,4,4,4,4,4,3,4,//91
4,2,4,4,22,4,4,4,4,4,4,4,1,4,//91
4,0,4,4,9,4,4,4,4,4,4,4,3,4,//91
4,2,4,4,4,4,4,4,4,4,4,4,1,4,//91
4,0,4,4,4,4,4,4,4,4,4,4,3,4,//91
4,17,4,4,4,4,4,11,4,4,4,4,1,4,//91
4,15,4,4,4,4,4,12,4,4,4,4,3,4,//91
4,6,6,6,6,6,6,6,6,6,6,6,6,4,//91
4,2,4,4,4,4,4,4,4,4,4,4,4,4,//92
4,0,4,4,4,4,4,4,4,4,4,4,4,4,//92
4,2,4,4,4,4,4,4,4,4,4,4,4,4,//92
4,0,4,4,4,4,4,4,4,4,4,4,4,4,//92
4,2,4,4,4,4,4,4,4,4,4,4,4,4,//92
4,0,4,4,4,4,4,4,4,4,4,4,4,4,//92
4,2,4,4,4,4,4,4,4,4,4,4,4,4,//92
4,0,4,4,4,4,4,4,4,4,4,4,4,4,//92
4,2,4,4,4,4,4,4,4,4,4,4,4,4,//92
4,6,6,6,6,6,6,6,6,6,6,6,6,4,//92
4,4,4,4,4,4,4,4,4,4,4,4,3,4,//93
4,4,4,4,4,4,4,4,4,4,4,4,1,4,//93
4,4,4,4,4,4,4,4,4,4,4,4,3,4,//93
4,4,4,4,10,4,4,4,4,4,4,4,1,4,//93
4,4,4,4,4,4,4,4,4,4,4,4,3,4,//93
4,4,4,4,4,4,4,4,4,4,4,4,1,4,//93
4,4,4,4,4,4,4,9,4,4,4,4,3,4,//93
4,4,4,4,4,4,4,4,4,4,4,4,1,4,//93
4,4,4,4,4,4,4,4,4,4,4,4,3,4,//93
4,6,6,6,6,6,6,6,6,6,6,6,6,4,//93
4,2,65,66,67,68,69,70,67,65,68,69,71,4,//94
4,0,4,4,4,4,4,4,4,4,4,4,4,4,//94
4,2,4,4,4,4,4,4,4,4,4,4,4,4,//94
4,0,4,4,4,4,4,4,4,4,4,4,4,4,//94
4,2,4,4,4,4,4,4,4,4,4,4,4,4,//94
4,0,4,4,4,4,4,4,4,4,4,4,4,4,//94
4,2,4,4,4,4,4,4,4,4,4,4,4,4,//94
4,0,4,4,4,4,4,4,4,4,4,4,4,4,//94
4,2,4,4,4,4,4,4,4,4,4,4,4,4,//94
4,24,25,26,24,25,26,24,25,26,24,25,26,4,//94
4,4,4,4,4,4,4,4,4,4,4,4,1,4,//95
4,4,4,4,4,4,4,4,4,4,4,4,3,4,//95
4,4,4,4,4,4,4,4,4,4,4,4,1,4,//95
4,4,4,4,4,4,4,4,4,4,4,4,3,4,//95
4,4,4,4,4,4,4,4,4,4,4,29,1,4,//95
4,4,4,4,4,4,4,4,4,4,4,4,3,4,//95
4,4,4,4,4,4,4,4,4,4,4,4,1,4,//95
4,4,4,4,28,4,4,4,4,4,4,4,3,4,//95
4,4,4,4,4,4,4,4,28,4,4,4,1,4,//95
4,24,4,4,4,4,4,4,4,4,4,4,3,4,//95
4,2,4,4,4,4,4,4,4,4,4,4,4,4,//96
4,0,4,4,4,4,4,4,4,4,4,4,4,4,//96
4,2,20,4,4,4,4,4,4,4,4,4,4,4,//96
4,0,28,4,4,4,4,4,4,4,4,4,4,4,//96
4,2,4,4,4,4,4,4,4,4,4,4,4,4,//96
4,0,4,4,4,4,4,4,4,4,4,4,4,4,//96
4,2,4,4,4,4,4,4,4,11,4,4,4,4,//96
4,15,4,4,4,4,4,4,4,12,4,4,4,4,//96
4,17,4,4,4,4,4,4,4,12,4,4,4,4,//96
4,24,25,26,24,25,26,24,25,26,24,25,26,4,//96
4,4,4,4,4,4,4,4,4,4,4,4,3,4,//97
4,4,4,4,4,4,4,4,4,4,4,4,1,4,//97
4,4,4,4,4,4,4,4,4,4,4,4,3,4,//97
4,4,4,4,4,29,4,4,4,4,4,4,1,4,//97
4,4,4,4,4,4,4,4,4,4,4,4,3,4,//97
4,4,28,4,4,4,4,4,4,4,4,4,1,4,//97
4,4,4,4,4,4,4,4,4,4,4,4,3,4,//97
4,4,4,4,4,4,4,4,4,4,4,4,1,4,//97
4,4,4,4,4,4,4,4,4,4,4,4,3,4,//97
4,24,25,26,24,25,26,24,25,4,4,4,1,4,//97
4,2,4,4,4,4,4,4,4,4,4,4,3,4,//98
4,0,4,4,4,4,4,4,4,4,4,4,1,4,//98
4,2,4,4,4,4,4,4,4,4,4,4,3,4,//98
4,0,4,4,28,4,4,4,4,4,4,4,1,4,//98
4,2,4,4,4,4,4,4,4,4,4,4,3,4,//98
4,0,4,4,4,4,4,21,4,4,4,4,1,4,//98
4,2,4,4,4,4,4,11,4,4,4,4,3,4,//98
4,0,4,4,4,4,4,12,4,4,4,4,1,4,//98
4,2,4,4,4,4,4,12,4,4,4,4,3,4,//98
4,24,25,26,24,25,26,24,25,26,24,25,26,4,//98
4,0,38,40,39,40,41,38,41,39,40,41,1,4,//99
4,2,4,4,4,4,4,4,4,4,4,4,3,4,//99
4,0,4,4,4,4,4,4,4,4,4,4,1,4,//99
4,2,4,4,4,4,4,4,4,4,4,4,3,4,//99
4,0,4,4,4,4,4,4,4,4,4,4,1,4,//99
4,2,4,4,4,4,4,4,4,4,4,4,3,4,//99
4,0,4,4,4,4,4,4,4,4,4,4,1,4,//99
4,2,4,4,4,4,4,4,4,4,4,4,3,4,//99
4,0,4,4,47,4,4,4,4,4,4,4,1,4,//99
4,2,4,4,4,4,4,4,4,4,4,4,3,4,//99
4,0,38,39,38,39,40,41,38,39,40,38,1,4,//100
4,2,4,4,4,4,4,4,4,4,4,4,3,4,//100
4,0,4,4,4,4,4,4,4,4,4,4,1,4,//100
4,2,4,4,4,4,4,4,4,4,4,4,3,4,//100
4,0,4,4,4,4,4,4,4,4,4,4,1,4,//100
4,2,4,4,4,4,4,4,4,4,4,4,3,4,//100
4,0,4,4,4,4,4,4,4,4,4,4,1,4,//100
4,2,4,4,4,4,4,4,48,4,4,4,18,4,//100
4,0,4,4,4,4,4,4,4,4,4,4,16,4,//100
4,2,4,4,4,4,4,4,4,4,4,4,3,4,//100
4,2,41,39,38,38,41,39,41,40,4,4,4,4,//101
4,0,4,4,4,4,4,4,4,4,4,4,4,4,//101
4,2,4,4,4,4,4,4,4,4,4,4,4,4,//101
4,0,4,4,4,4,4,4,4,4,4,4,4,4,//101
4,2,4,4,4,4,4,4,4,4,47,4,4,4,//101
4,0,4,4,4,4,4,4,4,4,4,4,4,4,//101
4,2,4,4,4,4,4,4,4,4,4,4,4,4,//101
4,15,4,4,4,4,4,4,11,4,4,4,4,4,//101
4,17,4,4,4,4,4,4,12,4,4,4,4,4,//101
4,43,44,43,44,43,44,43,44,43,44,43,44,4,//101
4,4,4,4,4,4,4,4,4,4,4,4,3,4,//102
4,4,4,4,4,4,4,4,4,4,4,4,1,4,//102
4,4,4,4,4,4,4,4,4,4,4,4,3,4,//102
4,4,4,4,4,4,4,47,4,4,4,4,1,4,//102
4,4,4,4,4,4,4,4,4,4,4,4,3,4,//102
4,4,4,48,4,4,4,4,4,4,4,4,1,4,//102
4,4,4,4,4,4,4,4,4,4,4,4,3,4,//102
4,4,4,4,4,4,4,4,4,4,4,4,1,4,//102
4,4,4,4,4,4,4,4,4,4,4,4,3,4,//102
4,43,44,43,44,43,44,43,44,43,44,43,44,4,//102
4,2,40,41,38,39,41,40,41,39,38,41,40,4,//103
4,0,4,4,4,4,4,4,4,4,4,4,4,4,//103
4,2,4,4,4,4,4,4,4,4,4,4,4,4,//103
4,0,4,4,4,4,4,4,4,4,4,4,4,4,//103
4,2,4,4,4,4,4,4,4,4,4,4,4,4,//103
4,0,4,4,4,4,4,4,4,4,4,4,4,4,//103
4,2,4,4,4,4,4,4,4,48,4,4,4,4,//103
4,0,4,4,4,4,4,4,4,4,4,4,4,4,//103
4,2,4,4,4,4,4,4,4,4,4,4,4,4,//103
4,43,44,43,44,4,4,4,44,43,44,43,44,4,//103
4,41,4,4,4,4,4,4,4,4,4,4,3,4,//104
4,4,4,4,4,4,4,4,4,4,4,4,1,4,//104
4,4,4,4,4,4,4,4,4,4,4,4,3,4,//104
4,4,4,4,4,4,4,48,4,4,4,4,1,4,//104
4,4,4,4,4,4,4,4,4,4,4,4,3,4,//104
4,4,4,4,4,4,4,4,4,4,47,4,1,4,//104
4,4,4,4,4,4,4,4,4,4,4,4,3,4,//104
4,4,4,11,4,4,4,22,4,4,4,4,1,4,//104
4,4,4,12,4,4,4,11,4,4,4,4,3,4,//104
4,43,44,43,44,43,44,43,44,43,44,43,44,4,//104
4,0,4,4,4,4,4,4,4,4,4,4,61,4,//105
4,2,4,4,4,4,4,4,4,4,4,4,4,4,//105
4,0,4,4,4,4,4,4,4,4,4,4,4,4,//105
4,2,10,4,4,4,4,4,4,4,4,4,4,4,//105
4,0,4,4,4,4,4,4,4,4,4,4,4,4,//105
4,2,4,4,4,4,4,4,4,4,4,4,4,4,//105
4,0,4,4,11,4,4,4,4,4,4,4,4,4,//105
4,2,4,4,12,4,4,4,11,4,4,4,4,4,//105
4,0,4,4,12,4,4,4,12,4,4,4,4,4,//105
4,6,6,6,6,6,6,6,6,6,6,6,6,4,//105
4,62,4,4,4,4,4,4,4,4,4,4,3,4,//106
4,4,4,4,4,4,4,4,4,4,4,4,1,4,//106
4,4,4,4,4,4,4,4,4,9,4,4,3,4,//106
4,4,4,4,4,10,4,4,4,4,4,4,1,4,//106
4,4,4,4,4,4,4,4,4,4,4,4,3,4,//106
4,4,22,4,4,4,4,4,4,4,4,4,1,4,//106
4,4,11,4,4,4,4,4,4,4,4,4,3,4,//106
4,4,12,4,4,4,4,4,4,4,4,4,1,4,//106
4,4,12,4,4,4,4,4,4,4,4,4,3,4,//106
4,6,6,6,6,6,6,6,6,6,6,6,6,4,//106
4,0,58,59,59,57,61,64,61,60,59,62,1,4,//107
4,2,4,4,4,4,4,4,4,4,4,4,3,4,//107
4,0,4,4,4,4,4,4,4,4,4,4,1,4,//107
4,2,4,4,4,4,4,4,4,4,4,4,3,4,//107
4,0,4,4,4,4,4,4,4,4,4,4,1,4,//107
4,2,4,4,4,10,10,4,4,4,4,4,3,4,//107
4,0,4,4,4,4,4,4,4,4,4,4,1,4,//107
4,2,4,4,4,4,4,4,4,4,4,4,3,4,//107
4,0,4,10,4,4,4,4,4,4,4,4,1,4,//107
4,2,4,4,4,4,4,4,4,4,4,4,3,4,//107
4,2,66,67,67,69,66,67,67,69,66,67,3,4,//108
4,0,4,4,4,4,4,4,4,4,4,4,1,4,//108
4,2,4,4,4,4,4,4,4,4,4,4,3,4,//108
4,0,4,4,4,4,4,4,4,4,22,4,1,4,//108
4,2,4,4,4,4,4,4,4,4,29,4,3,4,//108
4,0,4,4,4,4,4,29,4,4,4,4,1,4,//108
4,2,4,4,28,4,4,4,4,4,4,4,3,4,//108
4,0,4,4,4,4,4,4,4,4,4,4,16,4,//108
4,2,4,4,4,4,4,4,4,4,4,4,18,4,//108
4,24,25,26,24,25,24,24,25,26,24,25,26,4,//108
4,2,66,67,69,70,68,66,69,70,68,66,69,4,//109
4,0,4,4,4,4,4,4,4,4,4,4,4,4,//109
4,2,4,4,4,4,4,4,4,4,4,4,4,4,//109
4,0,4,4,4,4,4,4,4,4,4,4,4,4,//109
4,2,4,4,4,4,4,4,4,4,4,4,4,4,//109
4,0,4,4,4,4,4,4,4,4,4,4,4,4,//109
4,2,4,4,4,4,4,4,4,4,4,4,4,4,//109
4,15,4,4,4,4,4,4,11,4,4,4,4,4,//109
4,17,4,4,22,4,4,4,12,4,4,4,4,4,//109
4,24,25,26,24,25,26,24,25,26,24,25,26,4,//109
4,66,67,68,70,66,66,66,67,68,70,66,3,4,//110
4,4,4,4,4,4,4,4,4,4,4,4,1,4,//110
4,4,4,4,4,4,4,4,4,4,4,4,3,4,//110
4,4,4,4,4,4,4,4,4,4,4,4,1,4,//110
4,4,4,4,4,4,4,4,4,4,4,4,3,4,//110
4,4,4,4,4,4,4,4,4,4,4,4,1,4,//110
4,4,4,4,4,4,28,4,4,4,4,4,3,4,//110
4,4,4,4,4,4,4,4,4,11,4,4,1,4,//110
4,4,4,4,4,4,4,4,4,12,4,4,3,4,//110
4,24,26,25,24,4,4,4,26,25,24,25,26,4,//110
4,0,4,4,4,4,4,4,4,4,4,4,1,4,//111
4,2,4,4,4,4,4,4,4,4,4,4,3,4,//111
4,0,4,4,4,4,4,4,4,4,4,4,1,4,//111
4,2,4,4,4,4,4,28,4,4,4,4,3,4,//111
4,0,4,4,4,4,4,4,4,4,4,4,1,4,//111
4,2,4,4,4,4,4,4,4,4,4,4,3,4,//111
4,0,4,4,29,4,4,4,4,4,4,4,1,4,//111
4,2,4,4,4,4,4,4,4,4,4,4,18,4,//111
4,0,4,4,4,4,4,4,4,4,4,4,16,4,//111
4,2,4,4,4,4,4,4,4,29,4,4,3,4,//111
0,0,66,67,68,70,66,67,68,70,66,67,1,4,//112
4,2,4,4,4,4,4,4,4,4,4,4,3,4,//112
4,0,4,4,4,4,4,4,4,4,4,4,1,4,//112
4,2,4,4,4,4,4,4,4,4,4,4,3,4,//112
4,0,4,4,4,4,4,4,4,4,22,4,1,4,//112
4,2,4,4,4,4,4,4,4,4,28,4,3,4,//112
4,0,4,4,4,4,4,4,4,4,4,4,1,4,//112
4,2,4,4,4,4,28,4,4,4,4,4,3,4,//112
4,0,4,4,4,4,4,4,4,4,4,4,1,4,//112
4,2,4,4,4,4,4,4,4,4,4,4,3,4,//112
4,0,66,65,66,69,67,66,67,4,4,4,1,4,//113
4,2,4,4,4,4,4,4,4,4,4,4,3,4,//113
4,0,4,4,4,4,4,4,4,4,4,4,1,4,//113
4,2,4,4,4,4,4,4,4,4,4,4,3,4,//113
4,0,4,4,4,4,4,4,4,4,4,28,1,4,//113
4,2,4,4,4,4,4,4,4,4,4,4,3,4,//113
4,0,4,4,4,4,4,4,4,4,4,4,1,4,//113
4,2,4,4,4,4,4,4,28,4,4,4,3,4,//113
4,0,4,4,4,4,4,4,4,4,4,4,1,4,//113
4,2,4,4,29,4,4,4,4,4,4,4,3,4,//113
4,0,38,40,41,38,40,39,41,38,40,41,39,4,//114
4,2,4,4,4,4,4,4,4,4,4,4,4,4,//114
4,0,4,4,4,4,4,4,4,4,4,4,4,4,//114
4,2,4,4,4,4,4,4,4,4,4,4,4,4,//114
4,0,4,4,4,4,4,4,4,4,4,4,4,4,//114
4,2,4,4,4,4,4,4,4,4,4,4,4,4,//114
4,0,4,4,4,4,4,11,4,4,4,4,4,4,//114
4,2,4,4,4,4,4,12,4,4,4,4,4,4,//114
4,0,4,4,4,4,4,12,4,4,11,4,4,4,//114
4,2,4,4,4,44,43,44,43,44,43,44,43,4,//114
4,40,4,4,4,4,4,4,4,4,4,4,1,4,//115
4,4,4,4,4,4,4,4,4,4,4,4,3,4,//115
4,4,4,4,4,4,4,4,4,4,4,4,1,4,//115
4,4,4,4,4,4,48,4,4,4,4,4,3,4,//115
4,4,4,4,4,4,4,4,4,4,4,4,1,4,//115
4,4,4,4,4,4,4,4,4,4,4,4,3,4,//115
4,4,4,4,47,4,4,4,4,4,4,4,1,4,//115
4,4,4,4,4,4,4,4,4,4,4,4,3,4,//115
4,4,4,4,4,4,4,4,4,4,4,4,1,4,//115
4,43,4,4,4,4,4,4,4,4,4,4,3,4,//115
4,0,4,4,4,4,4,4,4,4,4,4,1,4,//116
4,2,4,4,4,4,4,4,4,4,4,4,3,4,//116
4,0,4,4,4,4,4,4,4,4,4,4,1,4,//116
4,2,4,4,47,4,4,4,4,4,4,4,3,4,//116
4,0,4,4,4,4,4,4,4,4,4,4,1,4,//116
4,2,4,4,4,4,4,48,4,4,4,4,3,4,//116
4,0,4,4,4,4,4,4,4,4,4,4,1,4,//116
4,2,4,4,4,4,4,4,4,4,4,4,18,4,//116
4,0,4,4,4,4,4,4,4,4,4,4,16,4,//116
4,2,4,47,4,4,4,4,4,4,4,4,3,4,//116
4,0,66,69,70,67,66,69,70,67,66,69,70,4,//117
4,2,4,4,4,4,4,4,4,4,4,4,4,4,//117
4,0,4,4,4,4,4,4,4,4,4,4,4,4,//117
4,2,4,4,4,4,4,4,4,4,4,4,4,4,//117
4,0,4,4,4,4,4,4,4,4,4,4,4,4,//117
4,2,4,4,4,4,4,4,4,4,4,4,4,4,//117
4,0,4,4,4,4,4,4,4,4,4,4,4,4,//117
4,17,4,4,4,4,4,29,4,4,4,4,4,4,//117
4,15,4,4,4,4,4,4,4,4,4,4,4,4,//117
4,2,4,4,28,4,4,4,4,4,4,4,28,4,//117
4,69,70,67,69,69,67,66,70,69,68,67,1,4,//118
4,4,4,4,4,4,4,4,4,4,4,4,3,4,//118
4,4,4,4,4,4,4,4,4,4,4,4,1,4,//118
4,4,4,4,4,4,4,4,4,4,4,4,3,4,//118
4,4,4,4,4,4,4,4,4,4,4,4,1,4,//118
4,4,4,4,4,4,4,4,4,4,4,4,3,4,//118
4,4,28,4,4,4,4,4,4,4,4,4,1,4,//118
4,4,4,4,4,29,4,4,4,4,4,4,3,4,//118
4,4,4,4,4,4,4,4,4,4,4,4,1,4,//118
4,28,4,4,4,4,4,4,4,28,4,4,3,4,//118
4,0,40,39,38,41,4,4,4,40,39,38,1,4,//119
4,2,4,4,4,4,4,4,4,4,4,4,3,4,//119
4,0,4,4,4,4,4,4,4,4,4,4,1,4,//119
4,2,4,4,4,4,47,4,4,4,4,4,3,4,//119
4,0,4,4,4,4,4,4,4,4,4,4,1,4,//119
4,2,4,4,4,4,4,4,4,4,4,4,3,4,//119
4,0,4,4,4,4,4,4,4,4,4,4,1,4,//119
4,2,4,4,4,4,4,4,48,4,4,4,3,4,//119
4,0,4,4,4,4,4,4,4,4,4,4,1,4,//119
4,2,4,4,4,4,4,4,4,4,4,4,3,4,//119
4,0,66,69,67,68,69,70,69,67,66,69,67,4,//120
4,2,4,4,4,4,4,4,4,4,4,4,4,4,//120
4,0,4,4,4,4,4,4,4,4,4,4,4,4,//120
4,2,4,4,4,4,4,4,4,4,4,4,4,4,//120
4,0,4,4,4,4,4,4,4,4,4,4,4,4,//120
4,2,4,4,4,4,4,4,4,4,4,4,4,4,//120
4,0,4,4,4,4,4,4,4,4,4,4,4,4,//120
4,2,4,4,4,4,4,4,4,4,11,4,4,4,//120
4,0,4,4,4,4,4,11,4,4,12,4,4,4,//120
4,24,25,26,24,25,26,24,25,26,24,25,26,4,//120
4,69,67,66,69,67,66,69,69,70,69,67,1,4,//121
4,4,4,4,4,4,4,4,4,4,4,4,3,4,//121
4,4,4,4,4,4,4,4,4,4,4,4,1,4,//121
4,4,4,4,4,4,4,4,4,4,4,4,3,4,//121
4,4,4,4,4,4,4,4,4,4,4,4,1,4,//121
4,4,4,28,4,4,4,4,4,4,4,4,3,4,//121
4,4,4,4,4,4,4,4,4,4,4,4,1,4,//121
4,4,4,4,4,4,29,4,4,4,4,4,3,4,//121
4,4,4,4,4,4,4,4,4,4,4,4,1,4,//121
4,26,4,4,4,4,4,4,4,4,4,4,3,4,//121
4,0,57,58,59,60,61,62,63,64,63,64,1,4,//122
4,2,4,4,4,4,4,4,4,4,4,4,3,4,//122
4,0,4,4,4,4,4,4,4,4,4,4,1,4,//122
4,2,4,4,4,4,4,4,4,4,4,4,3,4,//122
4,0,4,4,4,4,4,4,4,4,4,4,1,4,//122
4,2,4,4,4,4,4,9,4,4,4,4,3,4,//122
4,0,4,4,4,4,4,4,4,4,4,4,1,4,//122
4,2,4,4,4,4,4,4,4,4,4,4,3,4,//122
4,0,4,4,4,4,4,4,4,4,4,4,1,4,//122
4,2,4,4,10,4,4,4,4,4,4,4,3,4,//122
4,0,4,4,4,4,4,4,4,4,4,4,1,4,//123
4,2,4,4,4,4,4,4,4,4,4,4,3,4,//123
4,0,4,4,4,10,4,4,4,4,4,4,1,4,//123
4,2,4,4,4,4,4,4,4,9,4,4,3,4,//123
4,0,4,4,4,4,4,4,4,4,4,4,1,4,//123
4,2,4,4,4,4,4,4,4,4,4,4,3,4,//123
4,0,4,9,4,4,4,4,4,4,4,4,1,4,//123
4,2,4,4,4,4,4,4,4,4,4,4,3,4,//123
4,0,4,4,4,4,4,4,4,4,4,4,1,4,//123
4,2,10,4,4,4,4,4,4,4,4,4,3,4,//123
4,0,66,69,67,66,67,66,69,67,66,67,69,4,//124
4,2,4,4,4,4,4,4,4,4,4,4,4,4,//124
4,0,4,4,4,4,4,4,4,4,4,4,4,4,//124
4,2,4,4,4,4,4,4,4,4,4,4,4,4,//124
4,0,4,4,4,4,4,4,4,4,4,4,4,4,//124
4,2,4,4,4,4,4,4,4,4,4,4,4,4,//124
4,0,4,4,4,4,28,4,4,4,4,4,4,4,//124
4,2,4,4,4,4,4,4,4,4,4,4,4,4,//124
4,0,4,4,4,4,4,4,4,4,4,4,4,4,//124
4,2,4,4,4,4,4,4,4,4,4,4,24,4,//124
4,65,66,67,69,70,71,69,70,67,66,69,67,4,//125
4,4,4,4,4,4,4,4,4,4,4,4,4,4,//125
4,4,4,4,4,4,4,4,4,4,4,4,4,4,//125
4,4,4,4,4,4,4,4,4,4,4,4,4,4,//125
4,4,4,4,4,4,4,4,4,4,4,4,4,4,//125
4,4,4,4,4,4,4,4,4,4,4,4,4,4,//125
4,4,4,4,4,4,4,4,4,29,4,4,4,4,//125
4,4,4,4,4,28,4,4,4,4,4,4,4,4,//125
4,4,4,4,4,4,4,4,4,4,4,4,4,4,//125
4,24,4,4,4,4,4,4,4,4,4,4,24,4,//125
4,68,69,70,71,4,4,4,4,65,66,67,68,4,//126
4,4,4,4,4,4,4,4,4,4,4,4,4,4,//126
4,4,4,4,4,28,4,4,4,4,4,4,4,4,//126
4,4,4,4,4,4,4,4,4,4,4,4,4,4,//126
4,4,4,4,4,4,4,4,29,4,4,4,4,4,//126
4,4,4,4,4,4,4,4,4,4,4,4,4,4,//126
4,4,4,4,4,4,4,4,4,4,29,4,4,4,//126
4,4,4,4,4,4,4,4,4,4,4,4,4,4,//126
4,4,4,4,4,4,4,4,4,4,4,4,4,4,//126
4,24,25,26,24,25,26,24,25,26,24,25,26,4,//126
4,71,4,4,4,4,4,4,4,4,4,4,3,4,//127
4,4,4,4,4,4,4,4,4,4,4,4,1,4,//127
4,4,4,4,4,4,4,4,4,4,28,4,3,4,//127
4,4,4,4,4,4,4,4,4,4,4,4,1,4,//127
4,4,4,4,4,4,28,4,4,4,4,4,3,4,//127
4,4,4,4,4,4,4,4,4,4,4,4,1,4,//127
4,4,4,4,4,4,4,4,4,4,4,4,3,4,//127
4,4,4,11,4,4,4,4,4,4,4,4,1,4,//127
4,4,4,12,4,4,4,4,4,4,4,4,3,4,//127
4,24,25,26,24,25,26,24,25,26,24,25,26,4,//127
4,0,4,4,4,4,4,4,4,4,4,4,65,4,//128
4,2,4,4,4,4,4,4,4,4,4,4,4,4,//128
4,0,4,4,4,4,4,4,4,4,4,4,4,4,//128
4,2,4,28,4,4,4,4,4,4,4,4,4,4,//128
4,0,4,4,4,4,4,4,4,4,4,4,4,4,//128
4,2,4,4,4,4,4,4,4,4,4,4,4,4,//128
4,0,4,4,4,11,4,4,4,4,4,4,4,4,//128
4,2,4,4,4,12,4,4,4,11,4,4,4,4,//128
4,0,4,4,4,12,4,4,4,12,4,4,4,4,//128
4,24,25,26,24,25,26,24,25,26,24,25,26,4,//128
4,4,4,4,4,4,4,4,4,4,4,4,3,4,//129
4,4,4,4,4,4,4,4,4,4,4,4,1,4,//129
4,4,4,4,4,4,4,4,4,4,4,4,3,4,//129
4,4,4,4,4,4,4,4,29,4,4,4,1,4,//129
4,4,4,4,4,4,4,4,4,4,4,4,3,4,//129
4,4,4,4,4,4,4,4,4,4,4,4,1,4,//129
4,4,4,4,4,4,4,4,4,4,4,4,3,4,//129
4,4,4,4,4,4,11,4,4,4,4,4,1,4,//129
4,4,4,4,4,4,12,4,4,4,4,4,3,4,//129
4,24,25,26,24,25,26,24,25,26,24,25,26,4,//129
4,0,4,4,4,4,39,40,38,41,39,38,1,4,//130
4,2,4,4,4,4,4,4,4,4,4,4,3,4,//130
4,0,4,4,4,4,4,4,4,4,4,4,1,4,//130
4,2,4,4,4,4,4,4,4,4,4,4,3,4,//130
4,0,4,47,4,4,4,4,4,4,4,4,1,4,//130
4,2,4,4,4,4,4,4,4,4,4,4,3,4,//130
4,0,4,4,4,4,4,4,4,4,4,4,1,4,//130
4,2,4,4,4,4,4,4,4,4,4,4,3,4,//130
4,0,4,4,4,48,4,4,4,4,4,4,1,4,//130
4,2,4,4,4,4,4,4,4,4,4,4,3,4,//130
4,2,4,4,4,4,4,4,4,4,4,4,4,4,//131
4,0,4,4,4,4,4,4,4,4,4,4,4,4,//131
4,2,4,4,4,4,4,4,4,4,4,4,4,4,//131
4,0,4,48,4,4,4,4,4,4,4,4,4,4,//131
4,2,4,4,4,4,4,4,4,4,4,4,4,4,//131
4,0,4,4,4,4,4,4,4,4,4,4,4,4,//131
4,2,4,4,4,4,11,4,4,4,4,4,4,4,//131
4,0,4,4,4,4,12,4,4,47,4,4,4,4,//131
4,2,4,4,4,4,12,4,4,4,4,4,4,4,//131
4,43,44,43,44,43,44,43,44,43,44,43,44,4,//131
4,4,4,4,4,4,4,4,4,4,4,4,1,4,//132
4,4,4,4,4,4,4,4,4,4,4,4,3,4,//132
4,4,4,4,4,4,4,4,4,4,47,4,1,4,//132
4,4,4,4,4,4,4,4,4,4,4,4,3,4,//132
4,4,4,4,4,4,48,4,4,4,4,4,1,4,//132
4,4,4,4,4,4,4,4,4,4,4,4,3,4,//132
4,4,47,4,4,4,4,4,4,4,4,4,1,4,//132
4,4,4,4,4,4,4,4,4,4,4,4,3,4,//132
4,4,4,4,4,4,4,4,4,4,4,4,1,4,//132
4,43,44,43,44,43,44,43,44,43,4,4,3,4,//132
4,0,4,4,4,4,4,4,4,4,4,4,1,4,//133
4,2,4,4,4,4,4,4,4,4,4,4,3,4,//133
4,0,4,4,4,4,4,4,4,4,4,4,1,4,//133
4,2,4,4,4,4,4,4,4,4,4,4,3,4,//133
4,0,4,4,4,4,4,29,4,4,4,4,1,4,//133
4,2,4,4,4,4,4,4,4,4,4,4,3,4,//133
4,0,4,4,4,4,4,4,4,4,4,4,1,4,//133
4,2,4,4,4,28,4,4,4,4,4,4,3,4,//133
4,0,4,4,4,4,4,4,4,4,4,4,1,4,//133
4,2,4,4,4,4,4,4,4,29,4,4,3,4,//133
4,0,4,4,4,4,4,4,4,4,4,4,1,4,//134
4,2,4,4,4,4,4,4,4,4,4,4,3,4,//134
4,0,4,4,4,4,4,4,4,4,4,4,1,4,//134
4,2,4,4,4,4,4,4,4,4,4,4,3,4,//134
4,0,4,4,4,4,29,4,4,4,4,4,1,4,//134
4,2,29,4,4,4,4,4,4,4,4,4,3,4,//134
4,0,4,4,4,4,4,4,4,4,4,4,1,4,//134
4,2,4,4,4,4,4,4,4,4,4,4,3,4,//134
4,0,4,4,4,4,4,4,4,4,4,4,1,4,//134
4,2,4,4,4,29,4,4,4,4,4,4,3,4,//134
4,2,4,4,4,4,4,4,4,4,4,4,4,4,//135
4,0,4,4,4,4,4,4,4,4,4,4,4,4,//135
4,2,4,47,4,4,4,4,4,4,4,4,4,4,//135
4,0,4,4,4,4,4,4,4,4,4,4,4,4,//135
4,2,4,4,4,4,4,4,4,4,4,4,4,4,//135
4,0,4,4,4,4,4,4,4,4,4,4,4,4,//135
4,2,4,4,4,4,11,4,4,4,4,4,4,4,//135
4,0,4,4,4,4,12,4,4,4,4,4,4,4,//135
4,2,4,4,4,4,12,4,4,4,11,4,4,4,//135
4,43,44,43,44,43,44,43,44,43,44,43,44,4,//135
4,38,39,40,39,38,41,40,39,38,39,40,3,4,//136
4,4,4,4,4,4,4,4,4,4,4,4,1,4,//136
4,4,4,4,4,4,4,4,20,4,4,4,3,4,//136
4,4,4,4,4,4,4,4,47,4,4,4,1,4,//136
4,4,4,4,4,48,4,4,4,4,4,4,3,4,//136
4,4,4,4,4,4,4,4,4,4,4,4,1,4,//136
4,4,47,4,4,4,4,4,4,4,4,4,3,4,//136
4,4,4,4,4,4,4,4,4,4,4,4,1,4,//136
4,4,4,4,4,4,4,4,4,4,4,4,3,4,//136
4,43,44,43,44,43,44,43,44,43,44,43,44,4,//136
4,0,4,4,4,4,4,4,4,4,4,4,1,4,//137
4,2,4,4,4,4,4,4,4,4,4,4,3,4,//137
4,0,4,4,4,4,4,4,4,4,4,4,1,4,//137
4,2,4,4,4,4,4,4,28,4,4,4,3,4,//137
4,0,4,4,4,29,4,4,4,4,4,4,1,4,//137
4,2,4,4,4,4,4,4,4,4,4,4,3,4,//137
4,0,28,4,4,4,4,4,4,4,4,4,1,4,//137
4,2,4,4,4,4,4,4,4,4,4,4,18,4,//137
4,0,4,4,4,4,4,4,4,4,4,4,16,4,//137
4,2,4,4,24,25,26,24,25,26,4,4,3,4,//137
4,2,4,4,4,4,4,4,4,4,4,4,4,4,//138
4,0,4,4,4,4,4,4,4,4,4,4,4,4,//138
4,2,4,4,4,4,4,4,4,4,4,4,4,4,//138
4,0,4,4,4,4,4,10,4,4,4,4,4,4,//138
4,2,4,4,4,4,4,4,4,4,4,4,4,4,//138
4,0,4,4,4,4,4,4,4,4,4,4,4,4,//138
4,2,4,4,11,4,4,4,4,4,4,4,4,4,//138
4,15,4,4,12,4,4,4,4,4,4,4,4,4,//138
4,17,4,4,12,4,4,4,4,4,4,4,4,4,//138
4,6,6,6,6,6,6,6,6,6,6,6,6,4,//138
4,4,4,4,4,4,4,4,4,4,4,4,3,4,//139
4,4,4,4,4,4,4,4,4,4,4,4,1,4,//139
4,4,4,4,4,9,4,4,4,4,4,4,3,4,//139
4,4,4,4,4,4,4,4,4,4,4,4,1,4,//139
4,4,4,4,4,4,4,4,4,4,4,4,3,4,//139
4,4,4,4,4,4,4,4,4,10,4,4,1,4,//139
4,4,4,4,4,4,4,4,4,4,4,4,3,4,//139
4,4,4,4,4,4,4,11,4,4,4,4,16,4,//139
4,4,4,4,4,4,4,12,4,4,4,4,18,4,//139
4,6,6,6,6,6,6,6,6,6,6,6,6,4,//139
4,2,4,4,4,4,4,4,4,4,4,4,65,4,//140
4,0,4,4,4,4,4,4,4,4,4,4,4,4,//140
4,2,4,4,4,4,4,4,4,4,4,4,4,4,//140
4,0,4,4,4,29,4,4,4,4,4,4,4,4,//140
4,2,4,4,4,4,4,4,4,4,4,4,4,4,//140
4,0,4,4,4,4,4,11,4,4,4,4,4,4,//140
4,2,4,4,28,4,4,12,4,4,4,4,4,4,//140
4,15,4,4,4,4,4,12,4,4,11,4,4,4,//140
4,17,4,4,4,4,4,12,4,4,12,4,4,4,//140
4,24,25,26,24,25,26,24,25,26,24,25,26,4,//140
4,4,4,4,4,4,4,4,4,4,4,4,3,4,//141
4,4,4,4,4,4,4,4,4,4,4,4,1,4,//141
4,4,4,28,4,4,4,4,4,4,4,4,3,4,//141
4,4,4,4,4,4,4,4,4,4,4,4,1,4,//141
4,4,4,4,4,4,4,4,4,4,4,4,3,4,//141
4,4,4,4,4,4,4,4,4,4,4,4,1,4,//141
4,4,28,4,4,4,11,4,4,4,4,4,3,4,//141
4,4,4,4,4,4,12,4,4,4,4,4,1,4,//141
4,4,4,4,4,4,12,4,4,4,4,4,3,4,//141
4,24,25,26,24,25,26,24,25,26,24,25,26,4,//141
4,0,41,40,41,38,39,38,40,39,41,38,1,4,//142
4,2,4,4,4,4,4,4,4,4,4,4,3,4,//142
4,0,4,4,4,4,4,4,4,4,4,4,1,4,//142
4,2,4,4,4,4,4,4,4,4,4,4,3,4,//142
4,0,4,4,4,4,4,4,4,4,4,4,1,4,//142
4,2,4,4,4,4,4,4,4,4,4,4,3,4,//142
4,0,4,4,4,4,4,47,4,4,4,4,1,4,//142
4,2,4,4,4,4,4,4,4,4,4,4,3,4,//142
4,0,4,4,4,4,4,4,4,4,4,4,1,4,//142
4,2,4,4,4,4,4,4,4,4,4,4,3,4,//142
4,0,40,38,39,41,38,39,39,38,41,38,1,4,//143
4,2,4,4,4,4,4,4,4,4,4,4,3,4,//143
4,0,4,4,4,4,4,4,4,4,4,4,1,4,//143
4,2,4,4,4,4,4,4,4,4,4,4,3,4,//143
4,0,4,4,4,4,4,4,4,4,4,48,1,4,//143
4,2,4,4,4,4,4,4,4,4,4,4,3,4,//143
4,0,4,4,4,4,4,4,4,4,4,4,1,4,//143
4,2,4,4,4,4,4,4,4,4,4,4,3,4,//143
4,0,4,4,4,4,47,4,4,4,4,4,1,4,//143
4,2,4,4,4,4,4,4,4,4,4,4,3,4,//143
4,40,39,41,38,41,39,41,38,40,39,38,41,4,//144
4,4,4,4,4,4,4,4,4,4,4,4,4,4,//144
4,4,4,4,4,4,4,4,4,4,4,4,4,4,//144
4,4,4,4,4,4,4,4,4,4,4,4,4,4,//144
4,4,4,4,4,4,4,4,4,4,4,4,4,4,//144
4,4,4,4,4,4,4,4,4,4,4,4,4,4,//144
4,4,4,4,4,4,4,4,4,4,4,4,4,4,//144
4,4,4,4,4,4,4,4,4,11,4,4,4,4,//144
4,4,4,4,4,4,22,4,4,12,4,4,4,4,//144
4,44,43,44,43,44,43,44,43,44,43,44,43,4,//144
4,39,38,39,38,41,40,39,38,40,39,38,41,4,//145
4,4,4,4,4,4,4,4,4,4,4,4,4,4,//145
4,4,4,4,4,4,4,4,4,4,4,4,4,4,//145
4,4,4,4,4,4,4,4,4,4,4,4,4,4,//145
4,4,4,4,4,4,4,4,4,4,4,4,4,4,//145
4,4,4,4,4,47,4,4,4,4,4,4,4,4,//145
4,4,4,4,4,4,4,4,48,4,4,4,4,4,//145
4,4,4,4,4,4,4,4,4,4,4,4,4,4,//145
4,4,4,11,4,4,4,4,4,4,4,4,4,4,//145
4,43,44,43,44,43,44,43,44,43,44,43,44,4,//145
4,41,4,4,4,4,4,4,4,4,4,4,3,4,//146
4,4,4,4,4,4,4,4,4,4,4,4,1,4,//146
4,4,4,4,4,4,4,4,4,4,4,4,3,4,//146
4,4,4,4,4,4,4,4,48,4,4,4,1,4,//146
4,4,4,4,4,4,4,4,4,4,4,4,3,4,//146
4,4,4,4,4,47,4,4,4,4,4,4,1,4,//146
4,4,4,4,4,4,4,4,4,4,4,4,3,4,//146
4,4,11,4,4,4,4,4,4,4,4,4,1,4,//146
4,4,12,4,22,4,4,4,4,4,4,4,3,4,//146
4,43,44,43,44,43,44,43,44,43,44,43,44,4,//146
4,2,41,38,39,38,40,39,38,41,38,39,38,4,//147
4,0,4,4,4,4,4,4,4,4,4,4,4,4,//147
4,2,4,4,4,4,4,4,4,4,4,4,4,4,//147
4,0,4,4,4,4,4,4,4,4,4,4,4,4,//147
4,2,4,4,4,4,4,4,4,4,4,4,4,4,//147
4,0,4,4,4,4,4,4,4,4,4,4,4,4,//147
4,2,4,4,4,4,4,4,4,4,4,4,4,4,//147
4,0,4,4,4,4,11,4,4,4,4,4,4,4,//147
4,2,4,4,4,4,12,4,4,4,4,4,4,4,//147
4,43,44,43,44,43,44,43,44,43,44,43,44,4,//147
4,40,38,39,40,38,39,41,4,4,4,4,3,4,//148
4,4,4,4,4,4,4,4,4,4,4,4,1,4,//148
4,4,4,4,4,4,4,4,4,4,4,48,3,4,//148
4,4,4,4,4,4,4,4,4,4,4,4,1,4,//148
4,4,4,4,4,4,4,4,4,4,4,4,3,4,//148
4,4,4,4,4,4,4,4,4,47,4,4,1,4,//148
4,4,4,4,4,4,4,4,4,4,4,4,3,4,//148
4,4,11,4,4,4,4,4,4,4,4,4,16,4,//148
4,4,12,4,4,11,4,4,4,4,4,4,18,4,//148
4,43,44,43,44,43,44,43,44,43,44,43,44,4,//148
4,0,4,4,4,4,4,4,4,4,4,4,1,4,//149
4,2,4,4,4,4,4,4,4,4,4,4,3,4,//149
4,0,4,4,4,4,4,4,4,4,4,4,1,4,//149
4,2,4,4,4,4,4,4,4,4,4,4,3,4,//149
4,0,4,4,4,4,29,4,4,4,4,4,1,4,//149
4,2,4,28,4,4,4,4,4,4,4,4,3,4,//149
4,0,4,4,4,4,4,4,4,4,4,29,1,4,//149
4,17,4,4,4,4,4,4,4,4,4,4,3,4,//149
4,15,4,4,4,4,4,4,4,4,4,4,1,4,//149
4,2,4,4,4,4,4,4,28,4,4,4,3,4,//149
4,2,4,4,4,4,4,4,4,4,4,4,65,4,//150
4,0,4,4,4,4,4,4,4,4,4,4,4,4,//150
4,2,4,4,4,4,4,4,4,4,4,4,4,4,//150
4,0,4,4,4,4,4,4,29,4,4,4,4,4,//150
4,2,4,4,4,4,4,4,4,4,4,4,4,4,//150
4,0,4,4,28,4,4,4,4,4,4,4,4,4,//150
4,2,4,4,4,4,4,4,4,4,4,4,4,4,//150
4,0,4,4,4,4,4,4,4,4,4,4,4,4,//150
4,2,4,4,4,4,4,4,4,4,4,4,4,4,//150
4,24,25,26,24,25,26,24,25,26,24,25,26,4,//150
4,65,66,67,68,69,70,69,67,68,69,70,67,4,//151
4,4,4,4,4,4,4,4,4,4,4,4,4,4,//151
4,4,4,4,4,4,4,4,4,4,4,4,4,4,//151
4,4,4,4,4,4,4,4,4,4,4,4,4,4,//151
4,4,4,4,4,4,4,4,4,4,4,4,4,4,//151
4,4,4,4,4,4,28,4,4,4,4,4,4,4,//151
4,4,4,4,4,4,4,4,4,4,4,4,4,4,//151
4,4,4,4,4,4,4,4,4,4,4,4,4,4,//151
4,4,4,4,4,4,4,4,4,4,4,4,4,4,//151
4,24,25,26,24,25,26,24,25,26,24,25,26,4,//151
4,65,66,67,68,69,70,67,68,69,70,69,70,4,//152
4,4,4,4,4,4,4,4,4,4,4,4,4,4,//152
4,4,4,4,4,4,4,4,4,4,4,4,4,4,//152
4,4,4,4,4,4,4,4,4,4,4,4,4,4,//152
4,4,4,4,4,4,4,4,4,4,4,4,4,4,//152
4,4,4,4,4,4,4,4,4,4,4,4,4,4,//152
4,4,4,4,4,4,4,4,4,4,4,4,4,4,//152
4,4,4,4,4,4,4,4,4,4,4,4,4,4,//152
4,4,4,4,4,4,4,4,4,4,4,4,4,4,//152
4,25,25,4,4,4,24,25,4,4,4,24,25,4,//152
4,71,4,4,4,66,69,70,67,4,4,4,65,4,//153
4,4,4,4,4,4,4,4,4,4,4,4,4,4,//153
4,4,4,4,4,4,4,4,4,4,29,4,4,4,//153
4,4,4,4,4,4,4,4,4,4,4,4,4,4,//153
4,4,28,4,4,4,4,4,4,4,4,4,4,4,//153
4,4,4,4,4,4,4,4,4,4,4,4,4,4,//153
4,4,4,4,4,4,4,4,28,4,4,4,4,4,//153
4,4,4,4,4,29,4,4,4,4,4,4,4,4,//153
4,4,4,4,4,4,4,4,4,4,4,4,4,4,//153
4,25,4,4,4,4,4,4,4,4,4,24,24,4,//153
4,66,69,67,66,67,68,69,70,67,70,67,71,4,//154
4,4,4,4,4,4,4,4,4,4,4,4,4,4,//154
4,4,4,4,4,4,4,4,4,4,4,4,4,4,//154
4,4,4,4,4,4,4,4,4,4,4,4,4,4,//154
4,4,4,4,4,4,4,4,4,4,4,4,4,4,//154
4,4,4,4,4,4,4,4,4,4,4,4,4,4,//154
4,4,4,4,4,4,4,4,4,4,4,4,4,4,//154
4,4,4,4,4,4,4,4,4,4,4,4,4,4,//154
4,4,4,4,4,4,4,4,4,4,4,4,4,4,//154
4,24,25,26,24,25,26,24,25,26,24,25,26,4,//154
4,71,4,4,4,4,4,4,4,4,4,4,3,4,//155
4,4,4,4,4,4,4,4,4,4,4,4,1,4,//155
4,4,4,4,4,4,4,4,4,4,4,4,3,4,//155
4,4,4,4,4,4,4,4,4,4,4,4,1,4,//155
4,4,4,4,4,4,4,4,4,4,4,4,3,4,//155
4,4,4,4,4,4,4,4,4,4,4,4,1,4,//155
4,4,4,4,4,4,4,4,4,4,4,4,3,4,//155
4,4,4,4,4,4,4,4,4,4,4,4,1,4,//155
4,4,4,4,4,11,4,4,4,4,4,4,3,4,//155
4,24,25,26,24,25,26,24,25,26,24,25,24,4,//155
4,0,65,66,67,68,69,70,69,67,68,69,70,4,//156
4,2,4,4,4,4,4,4,4,4,4,4,4,4,//156
4,0,4,4,4,4,4,4,4,4,4,4,4,4,//156
4,2,4,4,4,4,4,4,4,4,4,4,4,4,//156
4,0,4,4,4,4,4,4,4,4,4,4,4,4,//156
4,2,4,4,28,4,4,4,4,4,4,4,4,4,//156
4,0,4,4,4,4,4,4,4,4,4,4,4,4,//156
4,2,4,4,4,4,4,4,4,4,4,4,4,4,//156
4,0,4,4,4,4,4,4,4,4,4,4,4,4,//156
4,2,4,4,4,4,4,29,4,4,4,4,25,4,//156
4,65,66,67,68,69,67,68,66,69,67,70,1,4,//157
4,4,4,4,4,4,4,4,4,4,4,4,3,4,//157
4,4,4,4,4,4,4,4,4,4,4,4,1,4,//157
4,4,4,4,4,4,4,4,4,4,4,4,3,4,//157
4,4,4,4,4,4,4,4,4,4,4,4,1,4,//157
4,4,4,4,4,4,4,4,4,4,4,4,3,4,//157
4,4,4,4,4,4,4,4,4,4,4,4,1,4,//157
4,4,4,4,28,4,4,4,4,4,4,4,4,4,//157
4,4,4,4,4,4,4,4,4,4,4,4,4,4,//157
4,25,4,4,4,4,4,4,4,4,4,4,3,4,//157
4,2,4,4,4,4,4,4,4,4,4,4,3,4,//158
4,0,4,4,4,4,4,4,4,4,4,4,1,4,//158
4,2,4,4,4,4,4,4,4,4,4,4,3,4,//158
4,0,4,4,47,4,4,4,4,4,4,4,1,4,//158
4,2,4,4,4,4,4,4,4,4,4,4,3,4,//158
4,0,4,4,4,4,4,4,48,4,4,4,1,4,//158
4,2,4,4,4,4,4,4,4,4,4,4,3,4,//158
4,4,4,4,4,11,4,4,4,4,4,4,4,4,//158
4,4,4,4,4,12,4,4,4,4,4,4,4,4,//158
4,43,44,43,44,43,44,43,44,43,44,43,44,4,//158
4,2,4,4,4,4,4,4,4,4,4,4,4,4,//159
4,0,4,4,4,4,4,4,4,4,4,4,4,4,//159
4,2,4,4,4,4,4,4,4,4,47,4,4,4,//159
4,0,4,4,4,4,4,4,4,4,4,4,4,4,//159
4,2,4,4,4,4,4,4,4,4,4,4,4,4,//159
4,0,4,4,4,4,4,4,47,4,4,4,4,4,//159
4,2,4,4,4,4,4,4,4,4,4,4,4,4,//159
4,4,4,4,4,4,4,4,4,4,4,4,4,4,//159
4,4,4,4,4,11,4,4,4,4,4,4,4,4,//159
4,43,44,43,44,43,44,43,44,43,44,43,44,4,//159
4,38,39,40,41,40,39,38,38,39,40,41,1,4,//160
4,4,4,4,4,4,4,4,4,4,4,4,3,4,//160
4,4,4,4,4,4,4,4,4,4,4,4,1,4,//160
4,4,4,4,4,4,4,4,4,4,4,4,3,4,//160
4,4,4,4,4,4,4,4,4,4,4,4,1,4,//160
4,4,4,4,47,4,4,4,4,4,4,4,3,4,//160
4,4,4,4,4,4,4,4,4,4,4,4,1,4,//160
4,4,4,4,4,4,4,4,4,4,4,4,18,4,//160
4,4,4,4,4,4,4,4,4,4,4,4,16,4,//160
4,44,4,4,4,4,4,4,4,4,48,4,3,4,//160
4,0,65,66,67,68,69,70,67,66,69,70,1,4,//161
4,2,4,4,4,4,4,4,4,4,4,4,3,4,//161
4,0,4,4,4,4,4,4,4,4,4,4,1,4,//161
4,2,4,4,4,4,4,4,4,4,4,4,3,4,//161
4,0,4,4,4,4,4,4,4,4,4,4,1,4,//161
4,2,4,4,4,4,4,29,4,4,4,4,3,4,//161
4,0,4,4,4,4,4,4,4,4,4,4,1,4,//161
4,17,4,4,4,4,4,4,4,4,4,4,18,4,//161
4,15,4,4,4,4,4,4,4,4,4,4,16,4,//161
4,2,4,4,28,4,4,4,4,4,4,4,3,4,//161
4,2,38,39,38,40,38,39,41,38,39,38,3,4,//162
4,0,4,4,4,4,4,4,4,4,4,4,1,4,//162
4,2,4,4,4,4,4,4,4,4,4,4,3,4,//162
4,0,4,4,4,4,4,4,4,4,4,4,1,4,//162
4,2,4,4,4,4,4,4,4,4,4,4,3,4,//162
4,0,4,4,47,4,4,4,4,4,4,4,1,4,//162
4,2,4,4,4,4,4,4,47,4,4,4,3,4,//162
4,15,4,4,4,4,4,4,4,4,4,4,16,4,//162
4,17,4,4,4,4,4,4,4,4,4,4,18,4,//162
4,43,44,43,44,43,44,43,44,43,44,43,44,4,//162
4,2,39,40,38,41,38,39,40,39,41,38,3,4,//163
4,0,4,4,4,4,4,4,4,4,4,4,1,4,//163
4,2,4,4,4,4,4,4,4,4,4,4,3,4,//163
4,0,4,4,4,4,4,4,4,4,4,4,1,4,//163
4,2,4,4,4,4,4,4,4,4,4,4,3,4,//163
4,0,4,4,4,4,4,4,4,4,4,4,1,4,//163
4,2,4,4,4,11,4,4,4,4,4,4,3,4,//163
4,15,4,4,4,12,4,4,11,4,4,4,16,4,//163
4,17,4,4,4,12,4,4,12,4,4,4,18,4,//163
4,43,44,43,44,43,44,43,44,43,44,43,44,4,//163
4,0,41,40,41,39,38,39,38,39,41,38,1,4,//164
4,2,4,4,4,4,4,4,4,4,4,4,3,4,//164
4,0,4,4,4,4,4,4,4,4,4,4,1,4,//164
4,2,4,4,4,4,4,4,4,4,4,4,3,4,//164
4,0,4,4,4,4,4,4,4,4,4,4,1,4,//164
4,2,4,4,47,4,4,4,4,4,4,4,3,4,//164
4,0,4,4,4,4,4,4,4,4,4,4,1,4,//164
4,17,4,4,4,4,4,4,4,4,4,4,3,4,//164
4,15,4,4,4,4,4,4,48,4,4,4,1,4,//164
4,2,4,4,4,4,4,4,4,4,4,4,3,4,//164
4,0,4,4,4,4,4,4,4,4,4,4,1,4,//165
4,2,4,4,4,4,4,4,4,4,4,4,3,4,//165
4,0,4,28,4,4,4,4,4,4,4,4,1,4,//165
4,2,4,4,4,4,4,4,4,4,4,4,3,4,//165
4,0,4,4,4,4,4,4,4,4,4,4,1,4,//165
4,2,4,4,4,4,29,4,4,4,4,4,3,4,//165
4,0,4,4,4,4,4,4,4,4,4,4,1,4,//165
4,2,4,4,4,4,4,4,4,4,4,4,3,4,//165
4,0,4,4,4,4,4,4,4,4,28,4,1,4,//165
4,2,4,4,4,4,4,4,4,4,4,4,3,4,//165
4,0,65,66,67,68,69,70,67,68,69,67,1,4,//166
4,2,4,4,4,4,4,4,4,4,4,4,3,4,//166
4,0,4,4,4,4,4,4,4,4,4,4,1,4,//166
4,2,4,4,4,4,4,4,4,4,4,4,3,4,//166
4,0,4,4,4,4,4,4,4,4,4,4,1,4,//166
4,2,4,4,29,4,4,4,4,4,4,4,3,4,//166
4,0,4,4,4,4,4,4,4,4,4,4,1,4,//166
4,2,4,4,4,4,4,4,4,4,4,4,3,4,//166
4,0,4,4,4,4,4,28,4,4,4,4,1,4,//166
4,2,4,4,4,4,4,4,4,4,4,4,3,4,//166
4,2,65,66,67,68,67,69,70,69,67,66,69,4,//167
4,0,4,4,4,4,4,4,4,4,4,4,4,4,//167
4,2,4,4,4,4,4,4,4,4,4,4,4,4,//167
4,0,4,4,4,4,4,4,4,4,4,4,4,4,//167
4,2,4,4,4,4,4,4,4,4,4,4,4,4,//167
4,0,4,4,4,4,4,4,4,4,4,4,4,4,//167
4,2,4,4,4,4,4,4,4,19,4,4,4,4,//167
4,0,4,4,4,4,4,4,4,11,4,4,4,4,//167
4,2,4,4,4,4,4,4,4,12,4,4,4,4,//167
4,24,25,26,24,25,26,24,25,26,24,25,26,4,//167
4,71,4,4,4,4,65,71,4,4,4,65,3,4,//168
4,4,4,4,4,4,4,4,4,4,4,4,1,4,//168
4,4,4,4,4,4,4,4,4,4,29,4,3,4,//168
4,4,28,4,4,4,4,4,4,4,4,4,1,4,//168
4,4,4,4,4,4,4,4,28,4,4,4,3,4,//168
4,4,4,4,4,4,4,4,4,4,4,4,1,4,//168
4,4,4,4,29,4,4,4,4,4,4,4,3,4,//168
4,4,4,4,4,4,4,4,4,4,4,4,1,4,//168
4,4,4,4,4,4,4,4,4,4,4,4,3,4,//168
4,24,25,26,24,25,26,24,25,26,24,25,26,4,//168
4,0,4,4,4,4,4,4,4,4,4,4,1,4,//169
4,2,4,4,4,4,4,4,4,4,4,4,3,4,//169
4,0,4,4,29,4,4,4,4,4,28,4,1,4,//169
4,2,4,4,4,4,4,4,4,4,4,4,3,4,//169
4,0,4,4,4,4,4,4,4,4,4,4,1,4,//169
4,2,4,4,4,4,4,29,4,4,4,4,3,4,//169
4,0,4,4,4,4,4,4,4,4,4,4,1,4,//169
4,2,4,4,4,4,4,4,4,4,4,4,18,4,//169
4,0,4,4,4,4,4,4,4,4,4,4,16,4,//169
4,2,4,4,28,4,4,4,4,4,4,4,3,4,//169
4,2,58,59,60,58,62,58,59,60,61,62,63,4,//170
4,0,4,4,4,4,4,4,4,4,4,4,4,4,//170
4,2,4,4,4,4,4,4,4,4,4,4,4,4,//170
4,0,4,4,4,4,4,4,4,4,4,4,4,4,//170
4,2,4,4,4,4,4,4,4,4,4,4,4,4,//170
4,0,4,4,4,4,4,4,4,4,4,4,4,4,//170
4,2,4,4,4,4,4,4,4,4,4,4,4,4,//170
4,15,4,4,4,4,4,4,4,4,11,4,4,4,//170
4,17,4,4,4,4,4,4,4,4,12,4,4,4,//170
4,6,6,6,6,6,6,6,6,6,6,6,6,4,//170
4,64,58,59,60,61,64,63,64,61,59,62,1,4,//171
4,4,4,4,4,4,4,4,4,4,4,4,3,4,//171
4,4,4,4,4,4,4,4,4,4,4,4,1,4,//171
4,4,4,4,4,4,4,4,4,4,4,4,3,4,//171
4,4,4,4,4,4,4,4,4,4,4,4,1,4,//171
4,4,4,9,4,4,4,4,4,4,4,4,3,4,//171
4,4,4,4,4,4,4,4,4,4,4,4,1,4,//171
4,4,4,4,4,4,4,4,4,4,4,4,18,4,//171
4,4,4,4,4,10,4,4,4,4,4,4,16,4,//171
4,7,4,4,4,4,4,4,4,4,10,4,3,4,//171
4,2,4,4,4,4,4,4,4,4,4,4,3,4,//172
4,0,4,4,4,4,4,4,4,4,4,4,1,4,//172
4,2,4,4,4,4,4,4,4,4,4,4,3,4,//172
4,0,4,4,4,4,4,4,4,4,4,4,1,4,//172
4,2,4,4,4,29,4,4,4,4,4,4,3,4,//172
4,0,4,4,4,4,4,4,4,4,4,4,1,4,//172
4,2,4,4,4,4,4,4,20,4,4,4,3,4,//172
4,15,4,4,4,4,4,4,11,4,4,4,1,4,//172
4,17,4,4,4,4,4,4,12,4,4,4,3,4,//172
4,24,25,26,24,25,26,24,25,26,24,25,26,4,//172
4,2,4,4,4,4,4,4,4,4,4,4,3,4,//173
4,0,4,4,4,4,4,4,4,4,4,4,1,4,//173
4,2,4,4,4,4,4,4,4,4,4,4,3,4,//173
4,0,4,4,4,4,4,4,28,4,4,4,1,4,//173
4,2,4,4,4,4,4,4,4,4,4,4,3,4,//173
4,0,4,4,4,28,4,4,4,4,4,4,1,4,//173
4,2,4,4,4,4,4,4,4,4,4,4,3,4,//173
4,0,4,4,4,4,4,4,4,4,4,4,16,4,//173
4,2,11,4,4,4,4,4,4,4,4,4,18,4,//173
4,24,25,26,24,4,4,4,24,25,26,24,25,4,//173
4,2,38,39,40,39,41,38,40,39,38,40,39,4,//174
4,0,4,4,4,4,4,4,4,4,4,4,4,4,//174
4,2,4,4,4,4,4,4,4,4,4,4,4,4,//174
4,0,4,4,4,4,4,4,4,4,4,4,4,4,//174
4,2,4,4,4,4,4,4,4,4,4,4,4,4,//174
4,0,4,4,4,4,4,4,4,4,4,4,4,4,//174
4,2,4,4,4,4,4,4,4,4,47,4,4,4,//174
4,15,4,4,4,4,4,4,4,4,4,4,4,4,//174
4,17,4,4,4,4,4,4,4,4,4,4,4,4,//174
4,43,44,43,44,43,44,43,44,43,44,43,44,4,//174
4,40,39,41,38,41,39,40,39,41,38,39,40,4,//175
4,4,4,4,4,4,4,4,4,4,4,4,4,4,//175
4,4,4,4,4,4,4,4,4,4,4,4,4,4,//175
4,4,4,4,4,4,4,4,4,4,4,4,4,4,//175
4,4,4,4,4,4,4,4,4,4,4,4,4,4,//175
4,4,4,4,4,4,4,4,4,4,4,4,4,4,//175
4,4,4,4,4,4,4,4,4,4,4,4,4,4,//175
4,4,4,4,4,4,4,4,4,4,4,4,4,4,//175
4,4,4,4,4,4,4,4,4,4,4,4,4,4,//175
4,43,4,4,4,4,4,4,4,4,4,44,43,4,//175
4,4,4,4,4,4,4,4,4,4,4,4,3,4,//176
4,4,4,4,4,4,4,4,4,4,4,4,1,4,//176
4,4,4,4,4,4,4,4,4,4,4,4,3,4,//176
4,4,4,4,4,4,48,4,4,4,4,4,1,4,//176
4,4,4,4,4,4,4,4,4,4,4,4,3,4,//176
4,4,4,4,4,4,4,4,4,4,4,4,1,4,//176
4,4,47,4,4,4,4,4,4,4,4,4,3,4,//176
4,4,4,4,4,4,4,4,4,4,4,4,1,4,//176
4,4,4,4,4,4,4,4,4,4,4,4,3,4,//176
4,43,44,43,44,43,44,43,44,43,44,43,44,4,//176
4,0,4,4,4,4,4,4,4,4,4,4,3,4,//177
4,2,4,4,4,4,4,4,4,4,4,4,1,4,//177
4,0,4,4,4,4,4,4,4,4,4,4,3,4,//177
4,2,4,4,4,4,4,28,4,4,4,4,1,4,//177
4,0,4,4,4,4,4,4,4,4,4,4,3,4,//177
4,2,4,4,4,4,4,4,4,4,4,4,1,4,//177
4,0,4,4,4,4,11,4,4,4,4,4,3,4,//177
4,2,4,4,4,4,12,4,4,4,4,4,1,4,//177
4,0,4,4,4,4,12,4,4,4,4,4,3,4,//177
4,2,4,4,4,24,25,26,24,25,26,24,25,4,//177
4,4,4,4,4,4,4,4,4,4,4,4,4,4,//178
4,4,4,4,4,4,4,4,4,4,4,4,4,4,//178
4,4,4,4,4,4,4,4,4,4,4,4,4,4,//178
4,4,4,4,4,4,4,4,4,4,4,4,4,4,//178
4,4,4,4,4,4,4,4,4,4,4,4,4,4,//178
4,4,4,4,4,4,4,4,4,4,4,4,4,4,//178
4,4,4,4,4,4,4,4,4,4,4,4,4,4,//178
4,4,4,4,4,4,4,4,4,4,4,4,4,4,//178
4,4,4,4,4,4,4,4,4,4,4,4,4,4,//178
4,4,4,4,4,4,4,4,4,4,4,4,4,4,//178
4,2,38,39,38,40,38,39,41,39,40,39,38,4,//179
4,0,4,4,4,4,4,4,4,4,4,4,4,4,//179
4,2,4,4,4,4,4,4,4,4,4,4,4,4,//179
4,0,4,4,4,4,4,4,4,4,4,4,4,4,//179
4,2,4,4,4,4,4,4,4,4,4,4,4,4,//179
4,0,4,4,4,4,4,4,4,4,4,4,4,4,//179
4,2,4,4,4,4,11,4,4,4,4,4,4,4,//179
4,0,4,4,4,4,12,4,4,4,4,4,4,4,//179
4,2,4,4,4,4,12,4,4,11,4,4,4,4,//179
4,43,44,43,44,43,44,43,44,43,44,43,44,4,//179
4,41,4,4,4,4,4,4,4,4,4,4,1,4,//180
4,4,4,4,4,4,4,4,4,4,4,4,3,4,//180
4,4,4,4,4,4,4,4,4,4,4,4,1,4,//180
4,4,4,47,4,4,4,4,4,4,4,4,3,4,//180
4,4,4,4,4,4,4,4,4,4,4,4,1,4,//180
4,4,4,4,4,4,4,4,4,4,4,4,3,4,//180
4,4,47,4,4,4,11,4,4,4,4,4,1,4,//180
4,4,4,4,4,4,12,4,4,4,4,4,3,4,//180
4,4,4,4,4,4,12,4,4,4,4,4,1,4,//180
4,44,4,4,4,44,43,44,43,4,4,4,3,4,//180
4,2,4,4,4,4,4,4,4,4,4,4,65,4,//181
4,0,4,4,4,4,4,4,4,4,4,4,4,4,//181
4,2,4,4,4,4,4,4,4,4,4,4,4,4,//181
4,0,4,4,4,4,4,28,4,4,4,4,4,4,//181
4,2,4,4,4,4,4,4,4,4,4,4,4,4,//181
4,0,4,4,4,4,4,4,4,4,4,4,4,4,//181
4,2,4,4,11,4,4,4,4,4,4,4,4,4,//181
4,0,4,4,12,4,4,4,4,4,4,4,4,4,//181
4,2,4,4,12,4,4,4,4,4,4,4,4,4,//181
4,24,25,26,24,25,26,24,25,26,24,25,26,4,//181
4,4,4,4,4,4,4,4,4,4,4,4,3,4,//182
4,4,4,4,4,4,4,4,4,4,4,4,1,4,//182
4,4,4,4,4,4,4,4,4,4,4,4,3,4,//182
4,4,4,4,4,4,4,4,4,4,29,4,1,4,//182
4,4,4,4,4,4,4,4,4,4,4,4,3,4,//182
4,4,4,4,4,4,4,4,4,4,4,4,1,4,//182
4,4,4,4,4,4,4,11,4,4,4,4,3,4,//182
4,4,4,4,4,4,4,12,4,4,4,4,1,4,//182
4,4,4,11,4,4,4,12,4,4,4,4,3,4,//182
4,24,25,26,24,25,26,24,25,26,24,25,26,4,//182
4,0,65,66,69,66,69,66,66,69,67,66,69,4,//183
4,2,4,4,4,4,4,4,4,4,4,4,4,4,//183
4,0,4,4,4,4,4,4,4,4,4,4,4,4,//183
4,2,4,4,4,4,4,4,4,4,4,4,4,4,//183
4,0,4,4,4,4,4,4,4,4,4,4,4,4,//183
4,2,4,4,4,4,4,4,4,4,4,4,4,4,//183
4,0,4,4,4,4,4,4,4,4,4,4,4,4,//183
4,2,4,4,4,4,4,29,4,4,4,4,4,4,//183
4,0,4,4,28,4,4,4,4,4,4,4,4,4,//183
4,2,4,4,4,4,4,4,4,4,4,4,26,4,//183
4,65,66,69,67,69,67,66,67,67,69,70,67,4,//184
4,4,4,4,4,4,4,4,4,4,4,4,4,4,//184
4,4,4,4,4,4,4,4,4,4,4,4,4,4,//184
4,4,4,4,4,4,4,4,4,4,4,4,4,4,//184
4,4,4,4,4,4,4,4,4,4,4,4,4,4,//184
4,4,4,4,4,4,4,4,4,4,4,4,4,4,//184
4,4,4,4,4,4,4,4,4,4,4,4,4,4,//184
4,4,4,4,4,4,4,4,4,4,10,4,4,4,//184
4,4,4,4,4,4,11,4,4,4,4,4,4,4,//184
4,24,25,26,24,25,26,24,25,26,24,25,26,4,//184
4,4,4,4,4,4,4,4,4,4,4,4,3,4,//185
4,4,4,4,4,4,4,4,4,4,4,4,1,4,//185
4,4,4,4,4,4,4,4,4,4,4,4,3,4,//185
4,4,4,4,4,4,4,4,28,4,4,4,1,4,//185
4,4,28,4,4,4,4,4,4,4,4,4,3,4,//185
4,4,4,4,4,4,4,4,4,4,4,4,1,4,//185
4,4,4,4,4,11,4,4,4,4,4,4,3,4,//185
4,4,4,4,4,12,4,4,4,4,4,4,1,4,//185
4,4,4,4,4,12,4,4,4,4,4,4,3,4,//185
4,24,4,4,4,24,25,26,24,25,26,24,25,4,//185
4,4,4,4,4,4,4,4,4,4,4,4,4,4,//186
4,4,4,4,4,4,4,4,4,4,4,4,4,4,//186
4,4,4,4,4,4,4,4,4,4,4,4,4,4,//186
4,4,4,4,4,4,4,4,4,4,4,4,4,4,//186
4,4,4,4,4,4,4,4,4,4,4,4,4,4,//186
4,4,4,4,4,4,4,4,4,4,4,4,4,4,//186
4,4,4,4,4,4,4,4,4,4,4,4,4,4,//186
4,4,4,4,4,4,4,4,4,4,4,4,4,4,//186
4,4,4,4,4,4,4,4,4,4,4,4,4,4,//186
4,4,4,4,4,4,4,4,4,4,4,4,4,4,//186
4,0,4,4,4,4,4,4,4,4,4,4,1,4,//187
4,2,4,4,4,4,4,4,4,4,4,4,3,4,//187
4,0,4,4,4,4,4,4,4,4,4,4,1,4,//187
4,2,4,4,4,4,4,4,10,4,4,4,3,4,//187
4,0,4,4,4,4,4,4,4,4,4,4,1,4,//187
4,2,4,4,4,4,4,4,4,4,4,4,3,4,//187
4,0,4,4,4,4,9,4,4,4,4,4,1,4,//187
4,2,4,4,4,4,4,4,4,4,4,4,3,4,//187
4,0,4,9,4,4,4,4,4,4,4,4,1,4,//187
4,2,4,4,4,4,4,4,4,4,4,4,3,4,//187
4,2,65,66,67,66,67,68,69,70,66,67,66,4,//188
4,0,4,4,4,4,4,4,4,4,4,4,4,4,//188
4,2,4,4,4,4,4,4,4,4,4,4,4,4,//188
4,0,4,4,4,4,4,4,4,4,4,4,4,4,//188
4,2,4,4,4,4,4,4,4,4,4,4,4,4,//188
4,0,4,4,4,4,4,4,4,4,4,4,4,4,//188
4,2,4,4,4,11,4,4,4,28,4,4,4,4,//188
4,0,4,4,4,12,4,4,4,4,4,4,4,4,//188
4,2,4,4,4,12,4,4,4,4,4,4,4,4,//188
4,24,25,26,24,25,26,24,25,26,24,25,26,4,//188
4,65,66,67,4,4,4,4,4,4,69,70,71,4,//189
4,4,4,4,4,4,4,4,4,4,4,4,4,4,//189
4,4,4,4,4,4,4,4,4,4,4,4,4,4,//189
4,4,4,4,4,4,4,4,4,4,4,4,4,4,//189
4,4,4,4,4,4,29,4,4,4,4,4,4,4,//189
4,4,4,4,4,4,4,4,4,4,4,4,4,4,//189
4,4,4,4,4,4,4,4,4,4,4,4,4,4,//189
4,4,4,4,4,4,4,4,4,4,4,4,4,4,//189
4,4,4,4,11,4,4,4,4,4,4,4,4,4,//189
4,24,25,26,24,25,26,24,25,26,24,25,26,4,//189
4,65,66,66,67,68,69,70,66,69,67,71,1,4,//190
4,4,4,4,4,4,4,4,4,4,4,4,3,4,//190
4,4,4,4,4,4,4,4,4,4,4,4,1,4,//190
4,4,4,4,4,4,4,4,4,4,4,4,3,4,//190
4,4,4,4,4,4,4,4,4,4,4,4,1,4,//190
4,4,4,4,4,4,4,4,4,4,4,4,3,4,//190
4,4,4,4,4,28,4,4,4,4,4,4,1,4,//190
4,4,4,4,4,4,4,4,4,4,4,4,3,4,//190
4,4,4,4,4,4,4,4,4,29,4,4,1,4,//190
4,26,4,4,4,4,4,4,4,4,4,4,3,4,//190
4,2,4,4,4,4,4,4,4,4,4,4,4,4,//191
4,0,4,4,4,4,4,4,4,4,4,4,4,4,//191
4,2,4,4,4,4,4,47,4,4,4,4,4,4,//191
4,0,4,48,4,4,4,4,4,4,4,4,4,4,//191
4,2,4,4,4,4,4,4,4,4,4,4,4,4,//191
4,0,4,4,4,4,21,4,4,4,4,4,4,4,//191
4,2,4,4,4,4,11,4,4,4,4,4,4,4,//191
4,0,4,4,4,4,12,4,4,4,4,4,4,4,//191
4,2,4,4,4,4,12,4,4,4,4,4,4,4,//191
4,43,44,43,44,43,44,43,44,43,44,43,44,4,//191
4,2,65,66,67,68,69,70,66,67,66,69,3,4,//192
4,0,4,4,4,4,4,4,4,4,4,4,1,4,//192
4,2,4,4,4,4,4,4,4,4,4,4,3,4,//192
4,0,4,4,4,22,4,4,4,4,4,4,1,4,//192
4,2,4,4,4,28,4,4,4,4,4,4,3,4,//192
4,0,4,4,4,4,4,4,4,4,4,4,1,4,//192
4,2,4,4,4,4,4,4,4,4,4,4,3,4,//192
4,15,4,4,4,4,4,4,11,4,4,4,1,4,//192
4,17,4,4,4,4,4,4,12,4,4,4,3,4,//192
4,24,25,26,24,25,26,24,25,26,24,25,26,4,//192
4,0,4,4,4,4,65,66,67,68,69,70,1,4,//193
4,2,4,4,4,4,4,4,4,4,4,4,3,4,//193
4,0,4,4,4,4,4,4,4,4,4,4,1,4,//193
4,2,4,4,4,4,4,4,4,4,4,4,3,4,//193
4,0,4,4,29,4,4,4,4,4,4,4,1,4,//193
4,2,4,4,4,4,4,4,4,4,4,4,3,4,//193
4,0,4,4,4,4,4,4,4,4,4,4,1,4,//193
4,2,4,4,4,4,4,4,4,4,4,4,18,4,//193
4,0,4,4,4,4,4,28,4,4,4,4,16,4,//193
4,2,4,4,4,4,4,4,4,4,4,4,3,4,//193
4,2,38,39,38,39,40,39,38,39,40,41,38,4,//194
4,0,4,4,4,4,4,4,4,4,4,4,4,4,//194
4,2,4,4,4,4,4,4,4,4,4,4,4,4,//194
4,0,4,4,4,4,4,4,4,4,4,4,4,4,//194
4,2,4,4,4,4,4,4,4,4,4,4,4,4,//194
4,0,4,4,4,4,4,4,4,4,4,4,4,4,//194
4,2,4,4,4,47,4,4,4,4,4,4,4,4,//194
4,15,4,4,4,4,4,4,4,4,4,4,4,4,//194
4,17,4,4,4,4,4,4,4,11,4,4,4,4,//194
4,43,44,43,44,43,44,43,44,43,44,43,44,4,//194
4,40,39,41,39,38,40,38,39,38,41,38,40,4,//195
4,4,4,4,4,4,4,4,4,4,4,4,4,4,//195
4,4,4,4,4,4,4,4,4,4,4,4,4,4,//195
4,4,4,4,4,4,4,4,4,4,4,4,4,4,//195
4,4,4,4,4,4,4,4,4,4,4,4,4,4,//195
4,4,4,4,4,47,4,4,4,4,4,4,4,4,//195
4,4,4,4,4,4,4,4,4,4,4,4,4,4,//195
4,4,11,4,4,4,4,4,4,4,4,4,4,4,//195
4,4,12,4,4,4,4,4,4,11,4,4,4,4,//195
4,43,44,43,44,43,44,43,44,43,44,43,44,4,//195
4,40,4,4,4,4,39,40,38,4,4,4,41,4,//196
4,4,4,4,4,4,4,4,4,4,4,4,4,4,//196
4,4,4,4,4,4,4,4,4,4,4,4,4,4,//196
4,4,4,4,4,4,4,4,4,4,4,4,4,4,//196
4,4,4,4,4,4,4,4,4,4,47,4,4,4,//196
4,4,4,4,4,4,4,4,4,4,4,4,4,4,//196
4,4,4,4,11,4,4,4,4,4,4,4,4,4,//196
4,4,47,4,12,4,4,4,4,4,4,4,4,4,//196
4,4,4,4,12,4,4,4,11,4,4,4,4,4,//196
4,43,44,43,44,43,44,43,44,43,44,43,44,4,//196
4,39,41,40,39,41,38,39,41,38,39,40,1,4,//197
4,4,4,4,4,4,4,4,4,4,4,4,3,4,//197
4,4,4,4,4,4,4,4,4,4,4,4,1,4,//197
4,4,4,4,4,4,4,4,4,4,4,4,3,4,//197
4,4,4,4,4,4,4,4,4,4,4,4,1,4,//197
4,4,4,4,47,4,4,4,4,4,4,4,3,4,//197
4,4,4,4,4,4,4,4,4,4,4,4,1,4,//197
4,4,4,4,4,4,4,4,4,4,4,4,3,4,//197
4,4,4,4,4,4,4,4,48,4,4,4,1,4,//197
4,44,4,4,4,4,4,4,4,4,4,4,3,4,//197
4,2,65,66,67,66,69,67,66,67,66,69,66,4,//198
4,0,4,4,4,4,4,4,4,4,4,4,4,4,//198
4,2,4,4,4,4,4,4,4,4,4,4,4,4,//198
4,0,4,4,4,4,4,4,4,4,4,4,4,4,//198
4,2,4,4,4,4,4,4,4,4,4,4,4,4,//198
4,0,4,4,4,4,4,4,4,4,4,4,4,4,//198
4,2,4,4,4,4,4,4,4,4,4,4,4,4,//198
4,0,4,4,4,20,4,4,4,11,4,4,4,4,//198
4,2,4,4,4,11,4,4,4,12,4,4,4,4,//198
4,24,25,26,24,25,26,24,25,26,24,25,26,4,//198
4,71,4,4,4,4,4,4,4,4,4,4,3,4,//199
4,4,4,4,4,4,4,4,4,4,4,4,1,4,//199
4,4,4,4,4,4,4,4,4,4,4,4,3,4,//199
4,4,4,4,4,4,4,4,28,4,4,4,1,4,//199
4,4,4,4,4,4,4,4,4,4,4,4,3,4,//199
4,4,4,4,4,4,4,4,4,4,4,4,1,4,//199
4,4,4,4,4,29,4,4,4,4,4,4,3,4,//199
4,4,4,4,4,4,4,4,4,4,4,4,1,4,//199
4,4,4,4,4,4,4,4,4,4,4,4,3,4,//199
4,24,25,26,24,25,26,24,25,26,24,25,26,4,//199
4,0,41,39,38,41,38,39,40,39,38,39,1,4,//200
4,2,4,4,4,4,4,4,4,4,4,4,3,4,//200
4,0,4,4,4,4,4,4,4,4,4,4,1,4,//200
4,2,4,4,4,4,4,4,4,4,22,4,3,4,//200
4,0,4,4,4,4,4,4,4,4,48,4,1,4,//200
4,2,4,4,4,4,4,4,4,4,4,4,3,4,//200
4,0,4,4,4,4,47,4,4,4,4,4,1,4,//200
4,2,4,4,4,4,4,4,4,4,4,4,3,4,//200
4,0,47,4,4,4,4,4,4,4,4,4,1,4,//200
4,2,4,4,4,4,4,4,4,4,4,4,3,4,//200
4,2,4,4,4,4,4,70,69,70,68,69,3,4,//201
4,0,4,4,4,4,4,4,4,4,4,4,1,4,//201
4,2,4,4,4,4,4,4,4,4,4,4,3,4,//201
4,0,4,4,28,4,4,4,4,4,4,4,1,4,//201
4,2,4,4,4,4,4,4,4,4,4,4,3,4,//201
4,0,4,4,4,4,4,4,4,4,4,4,1,4,//201
4,2,4,4,4,4,4,11,4,4,4,4,3,4,//201
4,0,4,4,4,4,4,12,4,4,4,4,16,4,//201
4,2,4,4,4,4,4,12,4,4,4,4,18,4,//201
4,24,25,26,24,25,26,24,25,26,24,25,26,4,//201
4,0,57,58,59,59,60,63,59,64,63,64,1,4,//202
4,2,4,4,4,4,4,4,4,4,4,4,3,4,//202
4,0,4,4,4,4,4,4,4,4,4,4,1,4,//202
4,2,4,4,4,4,4,4,4,4,4,4,3,4,//202
4,0,4,4,4,4,4,4,4,4,4,4,1,4,//202
4,2,4,4,4,4,4,4,4,4,4,4,3,4,//202
4,0,4,4,4,4,4,4,4,4,4,4,1,4,//202
4,17,4,4,4,4,4,4,4,4,4,4,3,4,//202
4,15,4,4,4,4,4,4,4,4,4,4,1,4,//202
4,2,4,4,10,4,4,4,4,4,4,4,3,4,//202
4,2,4,4,4,4,4,4,4,4,4,4,3,4,//203
4,0,4,4,4,4,4,4,4,4,4,4,1,4,//203
4,2,4,4,4,4,4,4,4,4,4,4,3,4,//203
4,0,4,4,4,10,4,4,4,4,4,4,1,4,//203
4,2,4,4,4,4,4,4,4,4,4,4,3,4,//203
4,0,4,4,4,4,4,4,4,4,4,4,1,4,//203
4,2,4,4,4,4,4,4,11,4,4,4,3,4,//203
4,0,4,4,4,4,4,4,12,4,4,4,16,4,//203
4,2,4,4,4,4,4,4,12,4,4,4,18,4,//203
4,6,6,6,6,6,6,6,6,6,6,6,6,4,//203
4,2,63,64,63,59,60,63,64,63,64,58,3,4,//204
4,0,4,4,4,4,4,4,4,4,4,4,1,4,//204
4,2,4,4,4,4,4,4,4,4,4,4,3,4,//204
4,0,4,4,4,4,4,4,10,4,4,4,1,4,//204
4,2,4,4,4,4,4,4,4,4,4,4,3,4,//204
4,0,4,4,4,4,4,9,4,4,4,4,1,4,//204
4,2,4,4,4,4,4,4,4,4,4,4,3,4,//204
4,15,4,4,11,4,4,4,4,4,4,4,1,4,//204
4,17,4,4,12,4,4,4,4,4,4,4,3,4,//204
4,6,6,6,6,6,6,6,6,6,6,6,6,4,//204
4,4,4,4,4,4,4,4,4,4,4,4,4,4,//205
4,4,4,4,4,4,4,4,4,4,4,4,4,4,//205
4,4,4,4,4,4,4,4,4,4,4,4,4,4,//205
4,4,4,4,4,4,4,4,4,4,4,4,4,4,//205
4,4,4,4,4,4,4,4,4,4,4,4,4,4,//205
4,4,4,4,4,4,4,4,4,4,4,4,4,4,//205
4,4,4,4,4,4,4,4,4,4,4,4,4,4,//205
4,4,4,4,4,4,4,4,4,4,4,4,4,4,//205
4,4,4,4,4,4,4,4,4,4,4,4,4,4,//205
4,4,4,4,4,4,4,4,4,4,4,4,4,4,//205
4,0,4,4,4,4,4,4,4,4,4,4,1,4,//206
4,2,4,4,4,4,4,4,4,4,4,4,3,4,//206
4,0,4,4,4,4,28,4,4,4,4,4,1,4,//206
4,2,4,4,4,4,4,4,4,4,4,4,3,4,//206
4,0,4,4,4,4,4,4,4,4,4,4,1,4,//206
4,2,4,4,4,4,4,4,4,4,29,4,3,4,//206
4,0,4,29,4,4,4,4,4,4,4,4,1,4,//206
4,2,4,4,4,4,4,4,4,4,4,4,3,4,//206
4,0,4,4,4,4,4,4,28,4,4,4,1,4,//206
4,2,4,4,4,4,4,4,4,4,4,4,3,4,//206
4,0,65,66,67,68,69,70,66,69,67,66,1,4,//207
4,2,4,4,4,4,4,4,4,4,4,4,3,4,//207
4,0,4,4,4,4,4,4,4,4,4,4,1,4,//207
4,2,4,4,4,4,4,4,4,4,4,4,3,4,//207
4,0,4,4,4,4,4,4,4,4,4,4,1,4,//207
4,2,4,4,29,4,4,4,4,4,4,4,3,4,//207
4,0,4,4,4,4,4,4,4,4,4,4,1,4,//207
4,2,4,4,4,4,4,4,4,4,4,4,18,4,//207
4,0,4,4,4,4,4,28,4,4,4,4,16,4,//207
4,2,4,4,4,4,4,4,4,4,4,4,3,4,//207
4,65,66,67,66,67,66,67,69,70,69,67,66,4,//208
4,4,4,4,4,4,4,4,4,4,4,4,4,4,//208
4,4,4,4,4,4,4,4,4,4,4,4,4,4,//208
4,4,4,4,4,4,4,4,4,4,4,4,4,4,//208
4,4,4,4,4,4,4,4,4,4,4,4,4,4,//208
4,4,4,4,4,4,4,4,4,4,4,4,4,4,//208
4,4,4,28,4,4,4,4,4,4,4,4,4,4,//208
4,4,4,4,4,4,4,4,4,4,4,4,4,4,//208
4,4,4,4,4,4,4,29,4,4,4,4,4,4,//208
4,26,4,4,4,4,4,4,4,4,4,4,26,4,//208
4,4,4,4,4,4,4,4,4,4,4,4,3,4,//209
4,4,4,4,4,4,4,4,4,4,4,4,1,4,//209
4,4,4,4,4,4,4,4,4,10,4,4,3,4,//209
4,4,4,4,4,4,4,4,4,4,4,4,1,4,//209
4,4,4,4,4,4,4,4,4,4,4,4,3,4,//209
4,4,4,4,4,4,10,4,4,4,4,4,1,4,//209
4,4,4,4,4,4,4,4,4,4,4,4,3,4,//209
4,4,4,11,4,4,4,4,4,4,4,4,1,4,//209
4,4,4,12,4,4,4,4,4,4,4,4,3,4,//209
4,24,25,26,24,25,26,24,25,26,24,25,26,4,//209
4,2,65,66,69,67,68,69,67,70,69,67,68,4,//210
4,0,4,4,4,4,4,4,4,4,4,4,4,4,//210
4,2,4,4,4,4,4,4,4,4,4,4,4,4,//210
4,0,4,4,4,4,4,4,4,4,4,4,4,4,//210
4,2,4,4,4,4,4,4,4,4,4,4,4,4,//210
4,0,4,4,28,4,4,4,29,4,4,4,4,4,//210
4,2,4,4,4,4,4,4,4,4,28,4,4,4,//210
4,0,4,4,4,4,4,4,4,4,4,4,4,4,//210
4,2,4,4,4,4,4,4,4,4,4,4,4,4,//210
4,24,25,26,24,25,26,24,25,26,24,25,26,4,//210
4,67,68,69,67,66,67,68,69,70,66,69,67,4,//211
4,4,4,4,4,4,4,4,4,4,4,4,4,4,//211
4,4,4,4,4,4,4,4,4,4,4,4,4,4,//211
4,4,4,4,4,4,4,4,4,4,4,4,4,4,//211
4,4,4,4,4,4,4,4,4,4,4,4,4,4,//211
4,4,4,4,4,4,4,4,4,4,4,4,4,4,//211
4,4,4,4,4,4,4,4,4,4,28,4,4,4,//211
4,4,4,4,4,4,4,4,4,4,4,4,4,4,//211
4,4,4,4,4,4,4,4,4,4,4,4,4,4,//211
4,24,4,4,4,4,24,25,4,4,4,4,26,4,//211
4,68,69,67,68,70,67,69,67,66,69,70,1,4,//212
4,4,4,4,4,4,4,4,4,4,4,4,3,4,//212
4,4,4,4,4,4,4,4,4,4,4,4,1,4,//212
4,4,4,4,4,4,4,4,4,4,4,4,3,4,//212
4,4,4,4,4,4,4,4,4,4,4,4,1,4,//212
4,4,4,4,4,4,4,4,4,4,4,4,3,4,//212
4,4,4,28,4,4,4,4,4,4,4,4,1,4,//212
4,4,4,4,4,4,4,4,4,4,4,4,3,4,//212
4,4,4,4,4,4,4,29,4,4,4,4,1,4,//212
4,26,4,4,4,4,4,4,4,4,4,4,3,4,//212
4,2,4,4,4,4,4,4,4,4,4,4,40,4,//213
4,0,4,4,4,4,4,4,4,4,4,4,4,4,//213
4,2,4,4,4,4,4,4,4,4,4,4,4,4,//213
4,0,4,4,4,4,4,4,4,4,4,4,4,4,//213
4,2,4,4,4,47,4,4,4,4,4,4,4,4,//213
4,0,4,4,4,4,4,4,4,4,4,4,4,4,//213
4,2,4,4,4,4,4,4,4,4,4,4,4,4,//213
4,0,4,4,4,4,4,11,4,4,4,4,4,4,//213
4,2,4,4,4,4,4,12,4,4,4,4,4,4,//213
4,43,44,43,44,43,44,43,44,43,44,43,44,4,//213
4,38,39,40,38,41,38,39,38,39,41,39,38,4,//214
4,4,4,4,4,4,4,4,4,4,4,4,4,4,//214
4,4,4,4,4,4,4,4,4,4,4,4,4,4,//214
4,4,4,4,4,4,4,4,4,4,4,4,4,4,//214
4,4,4,4,4,4,4,4,4,4,4,4,4,4,//214
4,4,4,4,4,4,4,4,4,4,4,4,4,4,//214
4,4,4,4,4,4,4,11,4,4,4,4,4,4,//214
4,4,4,4,4,4,4,12,4,4,11,4,4,4,//214
4,4,4,11,4,4,4,12,4,4,12,4,4,4,//214
4,43,44,43,44,43,44,43,44,43,44,43,44,4,//214
4,40,39,38,39,38,40,38,39,41,39,38,41,4,//215
4,4,4,4,4,4,4,4,4,4,4,4,4,4,//215
4,4,4,4,4,4,4,4,4,4,4,4,4,4,//215
4,4,4,4,4,4,4,4,4,4,4,4,4,4,//215
4,4,4,4,4,4,4,4,4,4,4,4,4,4,//215
4,4,4,48,4,4,4,4,4,4,4,4,4,4,//215
4,4,4,4,4,4,4,4,4,4,4,4,4,4,//215
4,4,4,4,4,4,4,47,4,4,4,4,4,4,//215
4,4,4,4,4,4,4,4,4,4,4,4,4,4,//215
4,44,4,4,4,4,4,4,4,4,4,4,44,4,//215
4,41,4,4,4,4,4,4,4,4,4,4,4,4,//216
4,4,4,4,4,4,4,4,4,4,4,4,4,4,//216
4,4,4,4,4,47,4,4,4,4,4,4,4,4,//216
4,4,4,4,4,4,4,4,4,4,4,4,4,4,//216
4,4,4,4,4,4,4,4,4,4,4,4,4,4,//216
4,4,4,4,4,4,4,4,4,4,4,4,4,4,//216
4,4,4,4,4,4,4,11,4,4,4,4,4,4,//216
4,4,4,4,11,4,4,12,4,4,4,4,4,4,//216
4,4,4,4,12,4,4,12,4,4,4,4,4,4,//216
4,43,44,43,44,43,44,43,44,43,44,43,44,4,//216
4,40,41,38,39,38,39,38,40,38,39,41,3,4,//217
4,4,4,4,4,4,4,4,4,4,4,4,1,4,//217
4,4,4,4,4,4,4,4,4,4,4,4,3,4,//217
4,4,4,4,4,4,4,4,4,4,4,4,1,4,//217
4,4,4,4,4,4,4,4,4,4,4,4,3,4,//217
4,4,4,4,4,4,4,4,4,4,4,4,1,4,//217
4,4,4,4,11,4,4,4,4,4,4,4,3,4,//217
4,4,4,4,12,4,4,11,4,4,4,4,1,4,//217
4,4,4,4,12,4,4,12,4,4,4,4,3,4,//217
4,43,44,43,44,43,44,43,44,43,44,43,44,4,//217
4,0,4,4,4,4,4,4,4,4,4,4,4,4,//218
4,2,4,4,4,4,4,4,4,4,4,4,4,4,//218
4,0,4,4,4,4,4,4,4,4,4,4,4,4,//218
4,2,4,4,4,4,4,4,4,9,4,4,4,4,//218
4,0,4,4,4,4,4,4,4,4,4,4,4,4,//218
4,2,4,4,4,4,4,4,4,4,4,4,4,4,//218
4,0,4,4,4,4,10,4,4,4,4,4,4,4,//218
4,2,4,4,4,4,4,4,4,4,4,4,4,4,//218
4,0,10,4,4,4,4,4,4,4,4,4,4,4,//218
4,2,4,4,4,4,4,4,4,4,4,4,8,4,//218
4,63,64,58,59,60,61,62,63,63,63,61,62,4,//219
4,4,4,4,4,4,4,4,4,4,4,4,4,4,//219
4,4,4,4,4,4,4,4,4,4,4,4,4,4,//219
4,4,4,4,4,4,4,4,4,4,4,4,4,4,//219
4,4,4,4,4,4,4,4,4,4,4,4,4,4,//219
4,4,4,10,4,4,4,4,4,4,4,4,4,4,//219
4,4,4,4,4,4,4,4,4,4,4,4,4,4,//219
4,4,4,4,4,4,4,11,4,4,4,4,4,4,//219
4,4,4,4,4,4,4,12,4,4,4,4,4,4,//219
4,6,6,6,6,6,6,6,6,6,6,6,6,4,//219
4,58,59,60,61,62,63,64,61,59,62,63,1,4,//220
4,4,4,4,4,4,4,4,4,4,4,4,3,4,//220
4,4,4,4,4,4,4,4,4,4,4,4,1,4,//220
4,4,4,4,4,4,4,4,4,4,4,4,3,4,//220
4,4,4,4,4,4,4,4,9,4,4,4,1,4,//220
4,4,4,4,4,4,4,4,4,4,4,4,3,4,//220
4,4,4,4,4,4,4,4,4,4,4,4,1,4,//220
4,4,4,4,10,4,4,4,4,4,4,4,3,4,//220
4,4,4,4,4,4,4,4,4,4,9,4,1,4,//220
4,7,4,4,4,4,4,4,4,4,4,4,3,4,//220
4,0,65,66,69,70,67,66,69,67,68,69,70,4,//221
4,2,4,4,4,4,4,4,4,4,4,4,4,4,//221
4,0,4,4,4,4,4,4,4,4,4,4,4,4,//221
4,2,4,4,4,4,4,4,4,4,4,4,4,4,//221
4,0,4,4,4,4,4,4,4,4,4,4,4,4,//221
4,2,4,4,4,4,4,4,4,4,4,4,4,4,//221
4,0,4,4,4,4,4,29,4,4,4,4,4,4,//221
4,2,4,4,4,4,4,4,4,4,4,4,4,4,//221
4,0,4,28,4,4,4,4,4,4,4,4,4,4,//221
4,2,4,4,4,4,4,4,4,4,4,4,24,4,//221
4,4,4,4,4,4,4,4,4,4,4,4,3,4,//222
4,4,4,4,4,4,4,4,4,4,4,4,1,4,//222
4,4,4,4,28,4,4,4,4,4,4,4,3,4,//222
4,4,4,4,4,4,4,4,4,4,4,4,1,4,//222
4,4,4,4,4,4,4,4,4,4,4,4,3,4,//222
4,4,4,4,4,4,4,4,4,4,4,4,1,4,//222
4,4,4,4,4,4,4,11,4,4,4,4,3,4,//222
4,4,4,4,4,4,4,12,4,4,4,4,1,4,//222
4,4,4,4,4,4,4,12,4,4,4,4,3,4,//222
4,24,25,26,24,25,26,24,25,26,24,25,26,4,//222
4,2,4,4,4,4,4,4,4,4,4,4,4,4,//223
4,0,4,4,4,4,4,4,4,4,4,4,4,4,//223
4,2,4,4,4,4,4,4,4,4,29,4,4,4,//223
4,0,4,28,4,4,4,4,4,4,4,4,4,4,//223
4,2,4,4,4,4,4,4,4,4,4,4,4,4,//223
4,0,4,4,4,4,4,4,4,4,4,4,4,4,//223
4,2,4,4,4,4,4,29,4,4,4,4,4,4,//223
4,0,4,4,4,4,4,4,4,4,4,4,4,4,//223
4,2,4,4,4,4,4,4,4,4,11,4,4,4,//223
4,24,25,26,24,25,26,24,25,26,24,25,26,4,//223
4,2,4,4,4,4,4,4,4,4,4,4,3,4,//224
4,0,4,4,4,4,4,4,4,4,4,4,1,4,//224
4,2,4,4,4,4,4,4,4,4,4,4,3,4,//224
4,0,4,4,4,4,4,4,4,4,28,4,1,4,//224
4,2,4,4,4,4,4,4,4,4,4,4,3,4,//224
4,0,4,4,4,4,4,4,4,4,4,4,1,4,//224
4,2,4,4,4,4,4,11,4,4,4,4,3,4,//224
4,15,4,4,4,4,4,12,4,4,4,4,16,4,//224
4,17,4,4,4,4,4,12,4,4,4,4,18,4,//224
4,24,25,26,24,25,26,24,25,26,24,25,26,4,//224
4,2,4,4,4,4,4,4,4,4,4,4,3,4,//225
4,0,4,4,4,4,4,4,4,4,4,4,1,4,//225
4,2,4,4,4,4,4,4,4,4,4,4,3,4,//225
4,0,4,4,4,4,4,4,4,29,4,4,1,4,//225
4,2,4,4,4,4,4,4,4,4,4,4,3,4,//225
4,0,4,4,4,28,4,4,4,4,4,4,1,4,//225
4,2,4,4,4,4,4,4,4,4,4,4,3,4,//225
4,15,4,4,4,4,4,4,4,4,4,4,16,4,//225
4,17,4,4,4,4,4,4,4,4,4,4,18,4,//225
4,24,25,26,24,25,26,24,25,26,24,25,26,4,//225
4,2,4,4,4,4,4,4,4,4,4,4,4,4,//226
4,0,4,4,4,4,4,4,4,4,4,4,4,4,//226
4,2,4,4,4,4,4,4,4,4,4,4,4,4,//226
4,0,4,4,4,4,4,4,4,4,4,4,4,4,//226
4,2,4,4,4,4,4,4,4,4,4,4,4,4,//226
4,0,4,4,4,4,4,4,4,4,28,4,4,4,//226
4,2,4,4,4,4,4,4,4,4,4,4,4,4,//226
4,15,4,4,4,4,4,4,4,4,4,4,4,4,//226
4,17,4,4,4,4,4,4,4,4,4,4,4,4,//226
4,24,25,26,24,25,26,24,25,26,24,25,26,4,//226
4,2,4,4,4,4,4,4,4,4,4,4,3,4,//227
4,0,4,4,4,4,4,4,4,4,4,4,1,4,//227
4,2,4,4,4,4,4,4,29,4,4,4,3,4,//227
4,0,4,4,4,4,4,4,4,4,4,4,1,4,//227
4,2,4,4,4,4,4,4,4,4,4,4,3,4,//227
4,0,4,4,4,28,4,4,4,4,4,4,1,4,//227
4,2,4,4,4,4,4,4,4,4,4,4,3,4,//227
4,0,4,4,4,4,4,4,4,4,4,4,1,4,//227
4,2,4,4,4,4,4,4,4,4,4,4,3,4,//227
4,24,25,26,24,25,26,24,25,26,24,25,26,4,//227
4,2,4,4,4,4,4,4,4,4,4,4,4,4,//228
4,0,4,4,4,4,4,4,4,4,4,4,4,4,//228
4,2,4,4,4,4,4,4,4,4,4,4,4,4,//228
4,0,4,4,4,29,4,4,4,4,4,4,4,4,//228
4,2,4,4,4,4,4,4,4,4,4,4,4,4,//228
4,0,4,4,4,4,4,4,4,4,4,4,4,4,//228
4,2,4,4,4,4,4,4,4,29,4,4,4,4,//228
4,0,4,4,4,4,4,4,4,4,4,4,4,4,//228
4,2,4,4,4,4,4,11,4,4,4,4,4,4,//228
4,24,25,26,24,25,26,24,25,26,24,25,26,4,//228
4,66,67,68,69,70,69,69,70,69,70,69,71,4,//229
4,4,4,4,4,4,4,4,4,4,4,4,4,4,//229
4,4,4,4,4,4,4,4,4,4,4,4,4,4,//229
4,4,4,4,4,4,4,4,4,4,4,4,4,4,//229
4,4,4,4,4,4,4,4,4,4,4,4,4,4,//229
4,4,4,4,28,4,4,4,4,4,4,4,4,4,//229
4,4,4,4,4,4,4,4,4,29,4,4,4,4,//229
4,4,4,4,4,4,4,4,4,4,4,4,4,4,//229
4,4,4,4,4,4,4,4,4,4,4,4,4,4,//229
4,24,25,26,24,25,26,24,25,26,24,25,26,4,//229
4,65,66,67,68,69,67,66,67,66,69,70,3,4,//230
4,4,4,4,4,4,4,4,4,4,4,4,1,4,//230
4,4,4,4,4,4,4,4,4,4,4,4,3,4,//230
4,4,4,4,4,4,4,4,4,4,4,4,1,4,//230
4,4,4,4,4,4,4,4,4,4,4,4,3,4,//230
4,4,4,4,4,4,4,28,4,4,4,4,1,4,//230
4,4,4,4,4,4,4,4,4,4,4,4,3,4,//230
4,4,4,11,4,4,4,4,4,4,4,4,1,4,//230
4,4,4,12,4,4,4,4,4,4,4,4,3,4,//230
4,24,25,26,24,25,26,24,25,26,24,25,26,4,//230
4,2,4,4,4,4,4,4,4,4,4,4,4,4,//231
4,0,4,4,4,4,4,4,4,4,4,4,4,4,//231
4,2,4,4,4,4,4,4,4,4,4,4,4,4,//231
4,0,4,4,47,4,4,4,4,4,4,4,4,4,//231
4,2,4,4,4,4,4,4,4,4,4,4,4,4,//231
4,0,4,4,4,4,4,4,4,4,4,4,4,4,//231
4,2,4,4,4,4,47,4,4,4,4,4,4,4,//231
4,0,4,4,4,4,4,4,4,4,4,4,4,4,//231
4,2,4,4,4,4,4,4,4,4,11,4,4,4,//231
4,43,44,43,44,43,44,43,44,43,44,43,44,4,//231
4,38,40,38,39,41,39,38,39,40,39,38,3,4,//232
4,4,4,4,4,4,4,4,4,4,4,4,1,4,//232
4,4,4,4,4,4,4,4,4,4,4,4,3,4,//232
4,4,4,4,4,4,4,4,4,4,4,4,1,4,//232
4,4,4,4,4,4,4,4,4,4,4,4,3,4,//232
4,4,4,4,47,4,4,4,4,4,4,4,1,4,//232
4,4,4,4,4,4,4,4,4,4,4,4,3,4,//232
4,4,4,4,4,4,4,4,11,4,4,4,16,4,//232
4,4,4,4,4,4,4,4,12,4,4,4,18,4,//232
4,43,44,43,44,43,44,43,44,43,44,43,44,4,//232
4,2,4,4,4,4,4,4,4,4,4,4,4,4,//233
4,0,4,4,4,4,4,4,4,4,4,4,4,4,//233
4,2,4,4,4,4,4,4,4,4,4,4,4,4,//233
4,0,4,4,4,4,4,4,4,4,4,4,4,4,//233
4,2,4,4,4,4,4,4,4,4,4,4,4,4,//233
4,0,4,4,4,4,4,4,4,4,4,9,4,4,//233
4,2,4,4,4,4,4,4,4,4,4,4,4,4,//233
4,15,4,4,4,4,4,4,4,4,4,4,4,4,//233
4,17,4,4,4,4,4,11,4,4,4,4,4,4,//233
4,5,6,5,6,5,6,5,6,5,6,5,6,4,//233
4,4,4,4,4,4,4,4,4,4,4,4,4,4,//234
4,4,4,4,4,4,4,4,4,4,4,4,4,4,//234
4,4,4,4,4,4,4,4,4,4,4,4,4,4,//234
4,4,4,4,4,10,4,4,4,4,4,4,4,4,//234
4,4,4,4,4,4,4,4,4,4,4,4,4,4,//234
4,4,4,4,4,4,4,4,4,4,9,4,4,4,//234
4,4,4,4,4,4,4,4,4,4,4,4,4,4,//234
4,4,4,4,4,4,4,4,11,4,4,4,4,4,//234
4,4,4,4,4,4,4,4,12,4,4,4,4,4,//234
4,6,6,6,6,6,6,6,6,6,6,6,6,4,//234
4,57,58,59,60,61,62,63,64,63,64,63,3,4,//235
4,4,4,4,4,4,4,4,4,4,4,4,1,4,//235
4,4,4,4,4,4,4,4,4,4,4,4,3,4,//235
4,4,4,4,4,4,4,4,4,4,4,4,1,4,//235
4,4,4,4,4,4,4,4,4,4,4,4,3,4,//235
4,4,4,4,10,4,4,4,4,4,4,4,1,4,//235
4,4,4,4,4,4,4,4,4,4,4,4,3,4,//235
4,4,4,4,4,4,4,4,11,4,4,4,1,4,//235
4,4,4,4,4,4,4,4,12,4,4,4,3,4,//235
4,5,6,5,6,5,6,5,6,5,6,5,6,4,//235
4,2,4,4,4,4,4,4,4,4,4,4,3,4,//236
4,0,4,4,4,4,4,4,4,4,4,4,1,4,//236
4,2,4,9,4,4,4,4,4,4,4,4,3,4,//236
4,0,4,4,4,4,4,4,4,10,4,4,1,4,//236
4,2,4,4,4,4,4,4,4,4,4,4,3,4,//236
4,0,4,4,4,4,4,4,4,4,4,4,1,4,//236
4,2,4,4,4,4,11,4,4,4,4,4,3,4,//236
4,0,4,4,4,4,12,4,4,4,4,4,1,4,//236
4,2,4,4,4,4,12,4,4,4,4,4,3,4,//236
4,5,6,6,6,6,6,6,6,6,6,6,6,4,//236
4,0,4,4,4,4,4,4,4,4,4,4,4,4,//237
4,2,4,4,4,4,4,4,4,4,4,4,4,4,//237
4,0,4,4,4,4,4,4,4,4,4,4,4,4,//237
4,2,4,4,4,28,4,4,4,4,4,4,4,4,//237
4,0,4,4,4,4,4,4,4,4,4,4,4,4,//237
4,2,4,4,4,4,4,4,4,4,4,4,4,4,//237
4,0,4,4,4,4,4,4,4,11,4,4,4,4,//237
4,2,4,4,11,4,4,4,4,12,4,4,4,4,//237
4,0,4,4,12,4,4,4,4,12,4,4,4,4,//237
4,24,25,26,24,25,26,24,25,26,24,25,26,4,//237
4,65,66,67,68,69,70,66,67,68,69,70,3,4,//238
4,4,4,4,4,4,4,4,4,4,4,4,1,4,//238
4,4,4,4,4,4,4,4,4,4,4,4,3,4,//238
4,4,4,4,4,4,4,4,4,4,4,4,1,4,//238
4,4,4,4,4,4,4,4,4,4,28,4,3,4,//238
4,4,4,4,4,4,4,4,4,4,4,4,1,4,//238
4,4,4,4,4,4,4,4,4,4,4,4,3,4,//238
4,4,4,11,4,4,4,4,4,4,4,4,1,4,//238
4,4,4,12,4,4,4,11,4,4,4,4,3,4,//238
4,24,25,26,24,25,26,24,25,26,24,25,26,4,//238
4,2,65,66,67,68,69,70,68,69,70,71,3,4,//239
4,0,4,4,4,4,4,4,4,4,4,4,1,4,//239
4,2,4,4,4,4,4,4,4,4,4,4,3,4,//239
4,0,4,4,28,4,4,4,4,4,4,4,1,4,//239
4,2,4,4,4,4,4,4,4,4,4,4,3,4,//239
4,0,4,4,4,4,4,4,29,4,4,4,1,4,//239
4,2,4,4,4,4,4,4,4,4,4,4,3,4,//239
4,0,11,4,4,4,4,4,4,4,4,4,16,4,//239
4,2,12,4,4,4,4,4,4,4,4,4,18,4,//239
4,24,25,26,24,25,26,24,25,26,24,25,26,4,//239
4,4,4,4,4,4,4,4,4,4,4,4,4,4,//240
4,4,4,4,4,4,4,4,4,4,4,4,4,4,//240
4,4,4,4,4,4,4,4,4,4,4,4,4,4,//240
4,4,4,4,4,4,4,4,4,4,4,4,4,4,//240
4,4,4,4,4,4,4,4,4,4,4,4,4,4,//240
4,4,4,4,4,4,4,4,4,4,4,4,4,4,//240
4,4,4,4,4,4,4,4,4,4,4,4,4,4,//240
4,4,4,4,4,4,4,4,4,4,4,4,4,4,//240
4,4,4,4,4,4,4,4,4,4,4,4,4,4,//240
4,4,4,4,4,4,4,4,4,4,4,4,4,4,//240
4,4,4,4,4,4,4,4,4,4,4,4,4,4,//241
4,4,4,4,4,4,4,4,4,4,4,4,4,4,//241
4,4,4,4,4,4,4,4,4,4,4,4,4,4,//241
4,4,4,4,4,4,4,4,4,4,4,4,4,4,//241
4,4,4,4,4,4,4,4,4,4,4,4,4,4,//241
4,4,4,4,4,4,4,4,4,4,4,4,4,4,//241
4,4,4,4,4,4,4,4,4,4,4,4,4,4,//241
4,4,4,4,4,4,4,4,4,4,4,4,4,4,//241
4,4,4,4,4,4,4,4,4,4,4,4,4,4,//241
4,4,4,4,4,4,4,4,4,4,4,4,4,4,//241
4,4,4,4,4,4,4,4,4,4,4,4,4,4,//242
4,4,4,4,4,4,4,4,4,4,4,4,4,4,//242
4,4,4,4,4,4,4,4,4,4,4,4,4,4,//242
4,4,4,4,4,4,4,4,4,4,4,4,4,4,//242
4,4,4,4,4,4,4,4,4,4,4,4,4,4,//242
4,4,4,4,4,4,4,4,4,4,4,4,4,4,//242
4,4,4,4,4,4,4,4,4,4,4,4,4,4,//242
4,4,4,4,4,4,4,4,4,4,4,4,4,4,//242
4,4,4,4,4,4,4,4,4,4,4,4,4,4,//242
4,4,4,4,4,4,4,4,4,4,4,4,4,4,//242
4,4,4,4,4,4,4,4,4,4,4,4,4,4,//243
4,4,4,4,4,4,4,4,4,4,4,4,4,4,//243
4,4,4,4,4,4,4,4,4,4,4,4,4,4,//243
4,4,4,4,4,4,4,4,4,4,4,4,4,4,//243
4,4,4,4,4,4,4,4,4,4,4,4,4,4,//243
4,4,4,4,4,4,4,4,4,4,4,4,4,4,//243
4,4,4,4,4,4,4,4,4,4,4,4,4,4,//243
4,4,4,4,4,4,4,4,4,4,4,4,4,4,//243
4,4,4,4,4,4,4,4,4,4,4,4,4,4,//243
4,4,4,4,4,4,4,4,4,4,4,4,4,4,//243
4,4,4,4,4,4,4,4,4,4,4,4,4,4,//244
4,4,4,4,4,4,4,4,4,4,4,4,4,4,//244
4,4,4,4,4,4,4,4,4,4,4,4,4,4,//244
4,4,4,4,4,4,4,4,4,4,4,4,4,4,//244
4,4,4,4,4,4,4,4,4,4,4,4,4,4,//244
4,4,4,4,4,4,4,4,4,4,4,4,4,4,//244
4,4,4,4,4,4,4,4,4,4,4,4,4,4,//244
4,4,4,4,4,4,4,4,4,4,4,4,4,4,//244
4,4,4,4,4,4,4,4,4,4,4,4,4,4,//244
4,4,4,4,4,4,4,4,4,4,4,4,4,4,//244
4,4,4,4,4,4,4,4,4,4,4,4,4,4,//245
4,4,4,4,4,4,4,4,4,4,4,4,4,4,//245
4,4,4,4,4,4,4,4,4,4,4,4,4,4,//245
4,4,4,4,4,4,4,4,4,4,4,4,4,4,//245
4,4,4,4,4,4,4,4,4,4,4,4,4,4,//245
4,4,4,4,4,4,4,4,4,4,4,4,4,4,//245
4,4,4,4,4,4,4,4,4,4,4,4,4,4,//245
4,4,4,4,4,4,4,4,4,4,4,4,4,4,//245
4,4,4,4,4,4,4,4,4,4,4,4,4,4,//245
4,4,4,4,4,4,4,4,4,4,4,4,4,4,//245
4,4,4,4,4,4,4,4,4,4,4,4,4,4,//246
4,4,4,4,4,4,4,4,4,4,4,4,4,4,//246
4,4,4,4,4,4,4,4,4,4,4,4,4,4,//246
4,4,4,4,4,4,4,4,4,4,4,4,4,4,//246
4,4,4,4,4,4,4,4,4,4,4,4,4,4,//246
4,4,4,4,4,4,4,4,4,4,4,4,4,4,//246
4,4,4,4,4,4,4,4,4,4,4,4,4,4,//246
4,4,4,4,4,4,4,4,4,4,4,4,4,4,//246
4,4,4,4,4,4,4,4,4,4,4,4,4,4,//246
4,4,4,4,4,4,4,4,4,4,4,4,4,4,//246
4,4,4,4,4,4,4,4,4,4,4,4,4,4,//247
4,4,4,4,4,4,4,4,4,4,4,4,4,4,//247
4,4,4,4,4,4,4,4,4,4,4,4,4,4,//247
4,4,4,4,4,4,4,4,4,4,4,4,4,4,//247
4,4,4,4,4,4,4,4,4,4,4,4,4,4,//247
4,4,4,4,4,4,4,4,4,4,4,4,4,4,//247
4,4,4,4,4,4,4,4,4,4,4,4,4,4,//247
4,4,4,4,4,4,4,4,4,4,4,4,4,4,//247
4,4,4,4,4,4,4,4,4,4,4,4,4,4,//247
4,4,4,4,4,4,4,4,4,4,4,4,4,4,//247
4,4,4,4,4,4,4,4,4,4,4,4,4,4,//248
4,4,4,4,4,4,4,4,4,4,4,4,4,4,//248
4,4,4,4,4,4,4,4,4,4,4,4,4,4,//248
4,4,4,4,4,4,4,4,4,4,4,4,4,4,//248
4,4,4,4,4,4,4,4,4,4,4,4,4,4,//248
4,4,4,4,4,4,4,4,4,4,4,4,4,4,//248
4,4,4,4,4,4,4,4,4,4,4,4,4,4,//248
4,4,4,4,4,4,4,4,4,4,4,4,4,4,//248
4,4,4,4,4,4,4,4,4,4,4,4,4,4,//248
4,4,4,4,4,4,4,4,4,4,4,4,4,4,//248
4,4,4,4,4,4,4,4,4,4,4,4,4,4,//249
4,4,4,4,4,4,4,4,4,4,4,4,4,4,//249
4,4,4,4,4,4,4,4,4,4,4,4,4,4,//249
4,4,4,4,4,4,4,4,4,4,4,4,4,4,//249
4,4,4,4,4,4,4,4,4,4,4,4,4,4,//249
4,4,4,4,4,4,4,4,4,4,4,4,4,4,//249
4,4,4,4,4,4,4,4,4,4,4,4,4,4,//249
4,4,4,4,4,4,4,4,4,4,4,4,4,4,//249
4,4,4,4,4,4,4,4,4,4,4,4,4,4,//249
4,4,4,4,4,4,4,4,4,4,4,4,4,4,//249
4,4,4,4,4,4,4,4,4,4,4,4,4,4,//250
4,4,4,4,4,4,4,4,4,4,4,4,4,4,//250
4,4,4,4,4,4,4,4,4,4,4,4,4,4,//250
4,4,4,4,4,4,4,4,4,4,4,4,4,4,//250
4,4,4,4,4,4,4,4,4,4,4,4,4,4,//250
4,4,4,4,4,4,4,4,4,4,4,4,4,4,//250
4,4,4,4,4,4,4,4,4,4,4,4,4,4,//250
4,4,4,4,4,4,4,4,4,4,4,4,4,4,//250
4,4,4,4,4,4,4,4,4,4,4,4,4,4,//250
4,4,4,4,4,4,4,4,4,4,4,4,4,4,//250
4,4,4,4,4,4,4,4,4,4,4,4,4,4,//251
4,4,4,4,4,4,4,4,4,4,4,4,4,4,//251
4,4,4,4,4,4,4,4,4,4,4,4,4,4,//251
4,4,4,4,4,4,4,4,4,4,4,4,4,4,//251
4,4,4,4,4,4,4,4,4,4,4,4,4,4,//251
4,4,4,4,4,4,4,4,4,4,4,4,4,4,//251
4,4,4,4,4,4,4,4,4,4,4,4,4,4,//251
4,4,4,4,4,4,4,4,4,4,4,4,4,4,//251
4,4,4,4,4,4,4,4,4,4,4,4,4,4,//251
4,4,4,4,4,4,4,4,4,4,4,4,4,4,//251
4,4,4,4,4,4,4,4,4,4,4,4,4,4,//252
4,4,4,4,4,4,4,4,4,4,4,4,4,4,//252
4,4,4,4,4,4,4,4,4,4,4,4,4,4,//252
4,4,4,4,4,4,4,4,4,4,4,4,4,4,//252
4,4,4,4,4,4,4,4,4,4,4,4,4,4,//252
4,4,4,4,4,4,4,4,4,4,4,4,4,4,//252
4,4,4,4,4,4,4,4,4,4,4,4,4,4,//252
4,4,4,4,4,4,4,4,4,4,4,4,4,4,//252
4,4,4,4,4,4,4,4,4,4,4,4,4,4,//252
4,4,4,4,4,4,4,4,4,4,4,4,4,4,//252
4,4,4,4,4,4,4,4,4,4,4,4,4,4,//253
4,4,4,4,4,4,4,4,4,4,4,4,4,4,//253
4,4,4,4,4,4,4,4,4,4,4,4,4,4,//253
4,4,4,4,4,4,4,4,4,4,4,4,4,4,//253
4,4,4,4,4,4,4,4,4,4,4,4,4,4,//253
4,4,4,4,4,4,4,4,4,4,4,4,4,4,//253
4,4,4,4,4,4,4,4,4,4,4,4,4,4,//253
4,4,4,4,4,4,4,4,4,4,4,4,4,4,//253
4,4,4,4,4,4,4,4,4,4,4,4,4,4,//253
4,4,4,4,4,4,4,4,4,4,4,4,4,4,//253
4,4,4,4,4,4,4,4,4,4,4,4,4,4,//254
4,4,4,4,4,4,4,4,4,4,4,4,4,4,//254
4,4,4,4,4,4,4,4,4,4,4,4,4,4,//254
4,4,4,4,4,4,4,4,4,4,4,4,4,4,//254
4,4,4,4,4,4,4,4,4,4,4,4,4,4,//254
4,4,4,4,4,4,4,4,4,4,4,4,4,4,//254
4,4,4,4,4,4,4,4,4,4,4,4,4,4,//254
4,4,4,4,4,4,4,4,4,4,4,4,4,4,//254
4,4,4,4,4,4,4,4,4,4,4,4,4,4,//254
4,4,4,4,4,4,4,4,4,4,4,4,4,4,//254
4,4,4,4,4,4,4,4,4,4,4,4,4,4,//255
4,4,4,4,4,4,4,4,4,4,4,4,4,4,//255
4,4,4,4,4,4,4,4,4,4,4,4,4,4,//255
4,4,4,4,4,4,4,4,4,4,4,4,4,4,//255
4,4,4,4,4,4,4,4,4,4,4,4,4,4,//255
4,4,4,4,4,4,4,4,4,4,4,4,4,4,//255
4,4,4,4,4,4,4,4,4,4,4,4,4,4,//255
4,4,4,4,4,4,4,4,4,4,4,4,4,4,//255
4,4,4,4,4,4,4,4,4,4,4,4,4,4,//255
4,4,4,4,4,4,4,4,4,4,4,4,4,4,//255
